step,time_s,pos_x,pos_y,pos_z,vel_x,vel_y,vel_z,agl,dist_xy,dist_3d,target_x,target_y,target_z,plat_vel_x,plat_vel_y,plat_vel_z,cmd_vx,cmd_vy,cmd_vz,cmd_speed,cmd_yaw,landing_phase,descent_phase,assist_type,collision_risk,clutter_density,navigability,escape_active,pred_escape_active,threat_acc,terrain_id,phase_reason,rel_vx_to_pad,rel_vy_to_pad,pad_frame_dx,pad_frame_dy
0,0.0,-49.6607,40.5619,0.5348,0.0,0.0,0.0,0.071,15.921,15.925,-63.6425,32.9465,0.2,0.0,0.0,0.0,-0.048,-0.0011,0.048,0.0679,-0.8412,0,0,0,0.979,0.649,0.351,0,0,0.0,1,SEARCH_PHASE,0.0,0.0,13.9818,7.6153
1,0.005,-49.6607,40.5619,0.5352,0.0,0.0,0.0186,0.071,15.921,15.925,-63.6425,32.9465,0.2,0.0,0.0,0.0,-0.096,-0.0016,0.096,0.1358,-0.8371,0,0,0,0.978,0.642,0.358,0,0,0.0,1,SEARCH_PHASE,0.0,0.0,13.9818,7.6153
2,0.008,-49.6607,40.5619,0.5361,0.0,0.0,0.0478,0.072,15.921,15.925,-63.6425,32.9465,0.2,0.0,0.0,0.0,-0.144,-0.0017,0.144,0.2036,-0.8346,0,0,0,0.978,0.642,0.358,0,0,0.0,1,SEARCH_PHASE,0.0,0.0,13.9818,7.6153
3,0.012,-49.6608,40.5619,0.5378,-0.003,-0.0,0.0844,0.074,15.921,15.925,-63.6425,32.9465,0.2,0.0,0.0,0.0,-0.192,-0.0004,0.192,0.2715,-0.83,0,0,0,0.978,0.637,0.363,0,0,1.0,1,SEARCH_PHASE,-0.003,-0.0,13.9817,7.6153
4,0.015,-49.6609,40.5619,0.5403,-0.006,-0.0001,0.1255,0.076,15.921,15.925,-63.6425,32.9465,0.2,0.0,0.0,0.0,-0.2399,0.0012,0.24,0.3394,-0.8177,0,0,0,0.978,0.631,0.369,0,0,2.0,1,SEARCH_PHASE,-0.006,-0.0001,13.9816,7.6153
5,0.018,-49.6611,40.5619,0.5437,-0.0123,-0.0004,0.1699,0.079,15.921,15.925,-63.6425,32.9465,0.2,0.0,0.0,0.0,-0.2878,0.0047,0.288,0.4072,-0.8409,0,0,0,0.978,0.611,0.389,0,0,3.0,1,SEARCH_PHASE,-0.0123,-0.0004,13.9814,7.6153
6,0.021,-49.6615,40.5619,0.5481,-0.0213,0.0,0.2164,0.084,15.92,15.924,-63.6425,32.9465,0.2,0.0,0.0,0.0,-0.3357,0.0072,0.336,0.4751,-0.8049,0,0,0,0.976,0.598,0.402,0,0,4.0,1,SEARCH_PHASE,-0.0213,0.0,13.9809,7.6153
7,0.024,-49.6623,40.5618,0.5533,-0.0366,-0.0016,0.2638,0.089,15.92,15.924,-63.6425,32.9465,0.2,0.0,0.0,0.0,-0.3835,0.0116,0.384,0.5429,-0.8289,0,0,0,0.976,0.592,0.408,0,0,5.0,1,SEARCH_PHASE,-0.0366,-0.0016,13.9802,7.6153
8,0.027,-49.6634,40.5618,0.5596,-0.0542,-0.0021,0.3122,0.095,15.919,15.923,-63.6425,32.9465,0.2,0.0,0.0,0.0,-0.4312,0.0172,0.432,0.6106,-0.7927,0,0,0,0.976,0.593,0.407,0,0,6.0,1,SEARCH_PHASE,-0.0542,-0.0021,13.9791,7.6153
9,0.03,-49.6649,40.5617,0.5668,-0.0775,-0.0042,0.3606,0.102,15.917,15.922,-63.6425,32.9465,0.2,0.0,0.0,0.0,-0.4788,0.0238,0.48,0.6784,-0.8172,0,0,0,0.976,0.626,0.374,0,0,7.0,1,SEARCH_PHASE,-0.0775,-0.0042,13.9776,7.6152
10,0.033,-49.667,40.5616,0.575,-0.1026,-0.0047,0.4096,0.111,15.916,15.92,-63.6425,32.9465,0.2,0.0,0.0,0.0,-0.5263,0.0303,0.528,0.7461,-0.781,0,0,0,0.974,0.62,0.38,0,0,8.0,1,SEARCH_PHASE,-0.1026,-0.0047,13.9755,7.6151
11,0.036,-49.6696,40.5615,0.5841,-0.1331,-0.0064,0.4582,0.12,15.913,15.918,-63.6425,32.9465,0.2,0.0,0.0,0.0,-0.5736,0.0386,0.576,0.8138,-0.8058,0,0,0,0.974,0.606,0.394,0,0,9.0,1,SEARCH_PHASE,-0.1331,-0.0064,13.9729,7.6149
12,0.039,-49.6729,40.5614,0.5943,-0.1647,-0.0062,0.5072,0.13,15.91,15.915,-63.6425,32.9465,0.2,0.0,0.0,0.0,-0.6208,0.0471,0.624,0.8815,-0.7684,0,0,0,0.974,0.597,0.403,0,0,10.0,1,SEARCH_PHASE,-0.1647,-0.0062,13.9696,7.6148
13,0.042,-49.6769,40.5612,0.6054,-0.2013,-0.0067,0.5558,0.141,15.907,15.912,-63.6425,32.9465,0.2,0.0,0.0,0.0,-0.6676,0.0579,0.672,0.949,-0.7931,0,0,0,0.972,0.571,0.429,0,0,11.0,1,SEARCH_PHASE,-0.2013,-0.0067,13.9655,7.6147
14,0.045,-49.6818,40.5611,0.6175,-0.2401,-0.0049,0.6047,0.153,15.902,15.908,-63.6425,32.9465,0.2,0.0,0.0,0.0,-0.7143,0.069,0.72,1.0166,-0.7573,0,0,0,0.972,0.558,0.442,0,0,12.0,1,SEARCH_PHASE,-0.2401,-0.0049,13.9607,7.6146
15,0.048,-49.6874,40.5611,0.6306,-0.2846,-0.0032,0.6526,0.166,15.897,15.903,-63.6425,32.9465,0.2,0.0,0.0,0.0,-0.7605,0.0819,0.768,1.084,-0.7824,0,0,0,0.969,0.554,0.446,0,0,11.5,1,SEARCH_PHASE,-0.2846,-0.0032,13.955,7.6145
16,0.051,-49.6941,40.5611,0.6446,-0.3308,0.0012,0.7007,0.18,15.892,15.898,-63.6425,32.9465,0.2,0.0,0.0,0.0,-0.8064,0.0959,0.816,1.1513,-0.7467,0,0,0,0.969,0.554,0.446,0,0,11.0,1,SEARCH_PHASE,-0.3308,0.0012,13.9484,7.6146
17,0.054,-49.7017,40.5612,0.6595,-0.3823,0.0057,0.7478,0.195,15.885,15.892,-63.6425,32.9465,0.2,0.0,0.0,0.0,-0.8529,0.1081,0.864,1.2188,-0.7721,0,0,0,0.915,0.576,0.424,0,0,10.5,1,SEARCH_PHASE,-0.3823,0.0057,13.9408,7.6147
18,0.056,-49.7104,40.5615,0.6754,-0.4347,0.0134,0.795,0.211,15.877,15.884,-63.6425,32.9465,0.2,0.0,0.0,0.0,-0.8995,0.1194,0.912,1.2865,-0.7368,0,0,0,0.912,0.571,0.429,0,0,10.0,1,SEARCH_PHASE,-0.4347,0.0134,13.9321,7.6149
19,0.059,-49.7202,40.5619,0.6922,-0.4919,0.0215,0.841,0.228,15.869,15.877,-63.6425,32.9465,0.2,0.0,0.0,0.0,-0.9457,0.1324,0.96,1.3541,-0.7653,0,0,0,0.907,0.556,0.444,0,0,9.5,1,SEARCH_PHASE,-0.4919,0.0215,13.9223,7.6154
20,0.062,-49.7312,40.5626,0.71,-0.5494,0.033,0.8873,0.246,15.86,15.868,-63.6425,32.9465,0.2,0.0,0.0,0.0,-0.9922,0.1445,1.008,1.4218,-0.7305,0,0,0,0.905,0.555,0.445,0,0,9.0,1,SEARCH_PHASE,-0.5494,0.033,13.9113,7.616
21,0.065,-49.7434,40.5635,0.7287,-0.61,0.0449,0.9329,0.264,15.849,15.858,-63.6425,32.9465,0.2,0.0,0.0,0.0,-1.0383,0.158,1.056,1.4893,-0.7558,0,0,0,0.899,0.54,0.46,0,0,8.5,1,SEARCH_PHASE,-0.61,0.0449,13.8991,7.6169
22,0.068,-49.7568,40.5647,0.7482,-0.6693,0.0601,0.9789,0.284,15.838,15.848,-63.6425,32.9465,0.2,0.0,0.0,0.0,-1.0846,0.1704,1.104,1.557,-0.7219,0,0,0,0.897,0.541,0.459,0,0,8.0,1,SEARCH_PHASE,-0.6693,0.0601,13.8857,7.6181
23,0.071,-49.7714,40.5662,0.7687,-0.7312,0.076,1.0242,0.304,15.826,15.836,-63.6425,32.9465,0.2,0.0,0.0,0.0,-1.1306,0.184,1.152,1.6246,-0.7466,0,0,0,0.891,0.526,0.474,0,0,6.0,1,SEARCH_PHASE,-0.7312,0.076,13.8711,7.6196
24,0.074,-49.7873,40.5681,0.7901,-0.791,0.0953,1.0698,0.326,15.813,15.824,-63.6425,32.9465,0.2,0.0,0.0,0.0,-1.1769,0.1969,1.2,1.6923,-0.7254,0,0,0,0.89,0.527,0.473,0,0,4.0,1,SEARCH_PHASE,-0.791,0.0953,13.8552,7.6216
25,0.077,-49.8043,40.5704,0.8124,-0.8529,0.1155,1.1149,0.348,15.799,15.811,-63.6425,32.9465,0.2,0.0,0.0,0.0,-1.2225,0.2117,1.248,1.7598,-0.7547,0,0,0,0.886,0.52,0.48,0,0,2.0,1,SEARCH_PHASE,-0.8529,0.1155,13.8382,7.6239
26,0.08,-49.8226,40.5732,0.8356,-0.9126,0.1379,1.1606,0.371,15.785,15.797,-63.6425,32.9465,0.2,0.0,0.0,0.0,-1.2683,0.2261,1.296,1.8274,-0.7231,0,0,0,0.886,0.529,0.471,0,0,0.0,1,SEARCH_PHASE,-0.9126,0.1379,13.8199,7.6266
27,0.083,-49.842,40.5763,0.8597,-0.9728,0.1597,1.2064,0.395,15.769,15.783,-63.6425,32.9465,0.2,0.0,0.0,0.0,-1.3134,0.2427,1.344,1.8948,-0.746,0,0,0,0.882,0.524,0.476,0,0,0.0,1,SEARCH_PHASE,-0.9728,0.1597,13.8005,7.6298
28,0.087,-49.8626,40.58,0.8848,-1.0289,0.1832,1.253,0.42,15.753,15.768,-63.6425,32.9465,0.2,0.0,0.0,0.0,-1.3586,0.2588,1.392,1.9622,-0.719,0,0,0,0.883,0.534,0.466,0,0,0.0,1,SEARCH_PHASE,-1.0289,0.1832,13.7799,7.6335
29,0.09,-49.8843,40.5841,0.9108,-1.0849,0.2061,1.2996,0.446,15.736,15.752,-63.6425,32.9465,0.2,0.0,0.0,0.0,-1.4029,0.2774,1.44,2.0294,-0.7406,0,0,0,0.879,0.53,0.47,0,0,0.0,1,SEARCH_PHASE,-1.0849,0.2061,13.7582,7.6376
30,0.094,-49.907,40.5887,0.9377,-1.1362,0.2303,1.3468,0.473,15.718,15.736,-63.6425,32.9465,0.2,0.0,0.0,0.0,-1.447,0.2962,1.488,2.0966,-0.7256,0,0,0,0.88,0.539,0.461,0,0,0.0,1,SEARCH_PHASE,-1.1362,0.2303,13.7355,7.6422
31,0.097,-49.9308,40.5938,0.9656,-1.1873,0.2537,1.3943,0.501,15.7,15.719,-63.6425,32.9465,0.2,0.0,0.0,0.0,-1.4896,0.3183,1.536,2.1632,-0.7454,0,0,0,0.877,0.536,0.464,0,0,0.0,1,SEARCH_PHASE,-1.1873,0.2537,13.7117,7.6473
32,0.101,-49.9554,40.5993,0.9945,-1.2337,0.2769,1.4424,0.53,15.681,15.701,-63.6425,32.9465,0.2,0.0,0.0,0.0,-1.5323,0.3403,1.584,2.23,-0.7129,0,0,0,0.876,0.54,0.46,0,0,0.0,1,SEARCH_PHASE,-1.2337,0.2769,13.6871,7.6528
33,0.105,-49.981,40.6053,1.0243,-1.28,0.2978,1.4905,0.56,15.662,15.683,-63.6425,32.9465,0.2,0.0,0.0,0.0,-1.5734,0.3651,1.632,2.2961,-0.7313,0,0,0,0.872,0.534,0.466,0,0,0.0,1,SEARCH_PHASE,-1.28,0.2978,13.6614,7.6588
34,0.108,-50.0075,40.6117,1.0551,-1.3226,0.3189,1.539,0.591,15.642,15.665,-63.6425,32.9465,0.2,0.0,0.0,0.0,-1.6146,0.3897,1.68,2.3625,-0.7049,0,0,0,0.872,0.509,0.491,0,0,0.0,1,SEARCH_PHASE,-1.3226,0.3189,13.635,7.6652
35,0.112,-50.0348,40.6185,1.0868,-1.3659,0.3383,1.5871,0.622,15.621,15.647,-63.6425,32.9465,0.2,0.0,0.0,0.0,-1.654,0.4171,1.7,2.4083,-0.7222,0,0,0,0.868,0.511,0.489,0,0,0.0,1,SEARCH_PHASE,-1.3659,0.3383,13.6077,7.6719
36,0.116,-50.0629,40.6256,1.1193,-1.4032,0.3572,1.6255,0.655,15.6,15.628,-63.6425,32.9465,0.2,0.0,0.0,0.0,-1.6942,0.4433,1.7,2.4407,-0.6845,0,0,0,0.864,0.508,0.492,0,0,0.0,1,SEARCH_PHASE,-1.4032,0.3572,13.5796,7.6791
37,0.119,-50.0916,40.6331,1.1523,-1.4384,0.3734,1.6503,0.688,15.579,15.608,-63.6425,32.9465,0.2,0.0,0.0,0.0,-1.7331,0.4715,1.7,2.473,-0.704,0,0,0,0.857,0.515,0.485,0,0,0.0,1,SEARCH_PHASE,-1.4384,0.3734,13.5508,7.6865
38,0.123,-50.1211,40.6409,1.1856,-1.4711,0.3905,1.6665,0.721,15.557,15.589,-63.6425,32.9465,0.2,0.0,0.0,0.0,-1.7727,0.4986,1.7,2.5062,-0.6812,0,0,0,0.855,0.515,0.485,0,0,0.0,1,SEARCH_PHASE,-1.4711,0.3905,13.5214,7.6943
39,0.126,-50.1512,40.649,1.2192,-1.5047,0.4066,1.6767,0.755,15.535,15.569,-63.6425,32.9465,0.2,0.0,0.0,0.0,-1.811,0.5275,1.7,2.5393,-0.6944,0,0,0,0.849,0.505,0.495,0,0,0.0,1,SEARCH_PHASE,-1.5047,0.4066,13.4913,7.7025
40,0.129,-50.1819,40.6575,1.2529,-1.5354,0.4234,1.6835,0.789,15.513,15.548,-63.6425,32.9465,0.2,0.0,0.0,0.0,-1.8522,0.5521,1.7,2.574,-0.6587,0,0,0,0.842,0.489,0.511,0,0,0.0,1,SEARCH_PHASE,-1.5354,0.4234,13.4606,7.7109
41,0.133,-50.2132,40.6663,1.2866,-1.567,0.4397,1.6882,0.823,15.49,15.528,-63.6425,32.9465,0.2,0.0,0.0,0.0,-1.8926,0.578,1.7,2.6089,-0.6856,0,0,0,0.836,0.475,0.525,0,0,0.0,1,SEARCH_PHASE,-1.567,0.4397,13.4293,7.7197
42,0.137,-50.2452,40.6754,1.3204,-1.5986,0.458,1.6913,0.857,15.467,15.507,-63.6425,32.9465,0.2,0.0,0.0,0.0,-1.9382,0.5932,1.7,2.6455,-0.645,0,0,0,0.828,0.46,0.54,0,0,0.0,1,SEARCH_PHASE,-1.5986,0.458,13.3973,7.7289
43,0.14,-50.2778,40.6849,1.3543,-1.6314,0.4761,1.6936,1.354,15.443,15.486,-63.6425,32.9465,0.2,0.0,0.0,0.0,-1.9818,0.6133,1.7,2.6821,-0.6879,0,0,0,0.824,0.459,0.541,0,0,0.0,1,SEARCH_PHASE,-1.6314,0.4761,13.3647,7.7384
44,0.144,-50.3111,40.6949,1.3882,-1.6651,0.4967,1.6949,1.388,15.42,15.465,-63.6425,32.9465,0.2,0.0,0.0,0.0,-2.0297,0.6145,1.7,2.718,-0.6401,0,0,0,0.817,0.444,0.556,0,0,0.0,1,SEARCH_PHASE,-1.6651,0.4967,13.3314,7.7483
45,0.147,-50.3451,40.7052,1.4221,-1.6986,0.516,1.6958,1.422,15.395,15.444,-63.6425,32.9465,0.2,0.0,0.0,0.0,-2.0774,0.6204,1.7,2.7551,-0.6794,0,0,0,0.813,0.438,0.562,0,0,0.0,1,SEARCH_PHASE,-1.6986,0.516,13.2974,7.7587
46,0.151,-50.3797,40.716,1.456,-1.7327,0.5375,1.6958,1.456,15.371,15.422,-63.6425,32.9465,0.2,0.0,0.0,0.0,-2.1198,0.5979,1.7,2.7823,-0.6521,0,0,0,0.804,0.423,0.577,0,0,0.0,1,SEARCH_PHASE,-1.7327,0.5375,13.2628,7.7694
47,0.154,-50.4151,40.7271,1.49,-1.7672,0.5577,1.696,1.49,15.346,15.4,-63.6425,32.9465,0.2,0.0,0.0,0.0,-2.1674,0.592,1.7,2.8175,-0.694,0,0,0,0.801,0.418,0.582,0,0,0.0,1,SEARCH_PHASE,-1.7672,0.5577,13.2274,7.7806
48,0.158,-50.4512,40.7387,1.5239,-1.8039,0.5784,1.696,1.524,15.321,15.378,-63.6425,32.9465,0.2,0.0,0.0,0.0,-2.1923,0.5509,1.7,2.8284,-0.6436,0,0,0,0.793,0.413,0.587,0,0,0.0,1,SEARCH_PHASE,-1.8039,0.5784,13.1913,7.7921
49,0.161,-50.488,40.7506,1.5578,-1.8419,0.5955,1.6948,1.558,15.295,15.355,-63.6425,32.9465,0.2,0.0,0.0,0.0,-2.2258,0.5312,1.7,2.8506,-0.6861,0,0,0,0.792,0.416,0.584,0,0,0.0,1,SEARCH_PHASE,-1.8419,0.5955,13.1545,7.804
50,0.165,-50.5256,40.7628,1.5916,-1.8819,0.6126,1.693,1.592,15.269,15.332,-63.6425,32.9465,0.2,0.0,0.0,0.0,-2.2244,0.533,1.7,2.8499,-0.6501,0,0,0,0.789,0.414,0.586,0,0,0.0,1,SEARCH_PHASE,-1.8819,0.6126,13.1169,7.8163
51,0.169,-50.5641,40.7754,1.6255,-1.9233,0.6261,1.6908,1.625,15.243,15.309,-63.6425,32.9465,0.2,0.0,0.0,0.0,-2.211,0.5791,1.7,2.8485,-0.6927,0,0,0,0.794,0.417,0.583,0,0,0.0,1,SEARCH_PHASE,-1.9233,0.6261,13.0784,7.8288
52,0.172,-50.6034,40.7881,1.6592,-1.9646,0.6381,1.6884,1.659,15.215,15.285,-63.6425,32.9465,0.2,0.0,0.0,0.0,-2.1971,0.6251,1.7,2.8474,-0.6401,0,0,0,0.792,0.416,0.584,0,0,0.0,1,SEARCH_PHASE,-1.9646,0.6381,13.0391,7.8416
53,0.176,-50.6435,40.801,1.6929,-2.0052,0.6447,1.6852,1.693,15.188,15.261,-63.6425,32.9465,0.2,0.0,0.0,0.0,-2.1816,0.6705,1.7,2.8459,-0.6326,0,0,0,0.795,0.425,0.575,0,0,0.0,1,SEARCH_PHASE,-2.0052,0.6447,12.999,7.8545
54,0.179,-50.6844,40.814,1.7266,-2.0459,0.6496,1.6821,1.727,15.159,15.236,-63.6425,32.9465,0.2,0.0,0.0,0.0,-2.1664,0.716,1.7,2.8453,-0.5821,0,0,0,0.792,0.425,0.575,0,0,0.0,1,SEARCH_PHASE,-2.0459,0.6496,12.9581,7.8675
55,0.183,-50.7261,40.8271,1.7602,-2.0832,0.653,1.6797,1.76,15.131,15.211,-63.6425,32.9465,0.2,0.0,0.0,0.0,-2.1493,0.7609,1.7,2.844,-0.627,0,0,0,0.796,0.418,0.582,0,0,0.0,1,SEARCH_PHASE,-2.0832,0.653,12.9164,7.8805
56,0.186,-50.7684,40.8402,1.7937,-2.1175,0.6585,1.6777,1.794,15.101,15.185,-63.6425,32.9465,0.2,0.0,0.0,0.0,-2.1322,0.8057,1.7,2.8435,-0.5771,0,0,0,0.794,0.422,0.578,0,0,0.0,1,SEARCH_PHASE,-2.1175,0.6585,12.8741,7.8937
57,0.19,-50.8114,40.8535,1.8272,-2.1483,0.662,1.6759,1.827,15.072,15.159,-63.6425,32.9465,0.2,0.0,0.0,0.0,-2.1145,0.8503,1.7,2.8433,-0.5632,0,0,0,0.794,0.419,0.581,0,0,0.0,1,SEARCH_PHASE,-2.1483,0.662,12.8311,7.9069
58,0.194,-50.8549,40.8668,1.8608,-2.1762,0.667,1.6759,1.861,15.042,15.133,-63.6425,32.9465,0.2,0.0,0.0,0.0,-2.1258,0.823,1.7,2.8437,-0.5402,0,0,0,0.79,0.418,0.582,0,0,0.0,1,SEARCH_PHASE,-2.1762,0.667,12.7876,7.9203
59,0.198,-50.8989,40.8803,1.8943,-2.1982,0.6744,1.6771,1.894,15.011,15.107,-63.6425,32.9465,0.2,0.0,0.0,0.0,-2.1071,0.8672,1.7,2.8429,-0.5847,0,0,0,0.79,0.411,0.589,0,0,0.0,1,SEARCH_PHASE,-2.1982,0.6744,12.7436,7.9338
60,0.201,-50.9432,40.894,1.9279,-2.2167,0.6855,1.6782,1.928,14.981,15.08,-63.6425,32.9465,0.2,0.0,0.0,0.0,-2.124,0.8223,1.7,2.8421,-0.5382,0,0,0,0.787,0.421,0.579,0,0,0.0,1,SEARCH_PHASE,-2.2167,0.6855,12.6993,7.9475
61,0.205,-50.9878,40.9079,1.9615,-2.2315,0.6963,1.6795,1.961,14.951,15.054,-63.6425,32.9465,0.2,0.0,0.0,0.0,-2.1121,0.8492,1.7,2.8412,-0.5815,0,0,0,0.789,0.416,0.584,0,0,0.0,1,SEARCH_PHASE,-2.2315,0.6963,12.6546,7.9614
62,0.209,-51.0327,40.9221,1.9951,-2.2425,0.7102,1.6809,1.995,14.92,15.028,-63.6425,32.9465,0.2,0.0,0.0,0.0,-2.1287,0.8042,1.7,2.8404,-0.536,0,0,0,0.786,0.409,0.591,0,0,0.0,1,SEARCH_PHASE,-2.2425,0.7102,12.6098,7.9756
63,0.213,-51.0777,40.9366,2.0287,-2.2498,0.7232,1.682,2.029,14.89,15.002,-63.6425,32.9465,0.2,0.0,0.0,0.0,-2.1102,0.8485,1.7,2.8395,-0.5777,0,0,0,0.788,0.416,0.584,0,0,0.0,1,SEARCH_PHASE,-2.2498,0.7232,12.5648,7.9901
64,0.217,-51.1228,40.9514,2.0624,-2.2534,0.7388,1.6834,2.062,14.86,14.976,-63.6425,32.9465,0.2,0.0,0.0,0.0,-2.1243,0.8095,1.7,2.8387,-0.5332,0,0,0,0.786,0.422,0.578,0,0,0.0,1,SEARCH_PHASE,-2.2534,0.7388,12.5197,8.0049
65,0.22,-51.1678,40.9664,2.0961,-2.2531,0.7528,1.6844,2.096,14.83,14.951,-63.6425,32.9465,0.2,0.0,0.0,0.0,-2.1059,0.8538,1.7,2.8379,-0.5733,0,0,0,0.789,0.424,0.576,0,0,0.0,1,SEARCH_PHASE,-2.2531,0.7528,12.4747,8.0199
66,0.224,-51.2128,40.9818,2.1298,-2.249,0.7689,1.6857,2.13,14.801,14.926,-63.6425,32.9465,0.2,0.0,0.0,0.0,-2.105,0.853,1.7,2.837,-0.53,0,0,0,0.787,0.425,0.575,0,0,0.0,1,SEARCH_PHASE,-2.249,0.7689,12.4297,8.0353
67,0.227,-51.2576,40.9975,2.1635,-2.2412,0.7829,1.6868,2.164,14.772,14.902,-63.6425,32.9465,0.2,0.0,0.0,0.0,-2.0857,0.8969,1.7,2.8363,-0.5678,0,0,0,0.79,0.44,0.56,0,0,0.0,1,SEARCH_PHASE,-2.2412,0.7829,12.3849,8.0509
68,0.231,-51.3022,41.0134,2.1973,-2.2295,0.7984,1.6881,2.197,14.743,14.878,-63.6425,32.9465,0.2,0.0,0.0,0.0,-2.0795,0.9085,1.7,2.8354,-0.5256,0,0,0,0.789,0.414,0.586,0,0,0.0,1,SEARCH_PHASE,-2.2295,0.7984,12.3403,8.0669
69,0.234,-51.3465,41.0297,2.2311,-2.2142,0.8113,1.6891,2.231,14.715,14.854,-63.6425,32.9465,0.2,0.0,0.0,0.0,-2.0974,0.8639,1.7,2.8347,-0.5143,0,0,0,0.784,0.41,0.59,0,0,0.0,1,SEARCH_PHASE,-2.2142,0.8113,12.296,8.0831
70,0.238,-51.3904,41.0462,2.2648,-2.1951,0.825,1.6885,2.265,14.687,14.832,-63.6425,32.9465,0.2,0.0,0.0,0.0,-2.1029,0.8479,1.7,2.8339,-0.5539,0,0,0,0.783,0.413,0.587,0,0,0.0,1,SEARCH_PHASE,-2.1951,0.825,12.2521,8.0996
71,0.242,-51.4339,41.063,2.2986,-2.1756,0.8397,1.6874,2.299,14.66,14.81,-63.6425,32.9465,0.2,0.0,0.0,0.0,-2.1194,0.8032,1.7,2.8332,-0.5164,0,0,0,0.78,0.405,0.595,0,0,0.0,1,SEARCH_PHASE,-2.1756,0.8397,12.2086,8.1164
72,0.245,-51.477,41.08,2.3323,-2.1561,0.8521,1.686,2.332,14.634,14.788,-63.6425,32.9465,0.2,0.0,0.0,0.0,-2.1081,0.8299,1.7,2.8324,-0.5557,0,0,0,0.78,0.4,0.6,0,0,0.0,1,SEARCH_PHASE,-2.1561,0.8521,12.1655,8.1335
73,0.249,-51.5198,41.0973,2.366,-2.136,0.8647,1.6853,2.366,14.608,14.768,-63.6425,32.9465,0.2,0.0,0.0,0.0,-2.1243,0.7848,1.7,2.8317,-0.5227,0,0,0,0.776,0.4,0.6,0,0,0.0,1,SEARCH_PHASE,-2.136,0.8647,12.1227,8.1508
74,0.253,-51.5621,41.1148,2.3997,-2.1159,0.874,1.6846,2.4,14.583,14.748,-63.6425,32.9465,0.2,0.0,0.0,0.0,-2.1112,0.8169,1.7,2.831,-0.562,0,0,0,0.776,0.405,0.595,0,0,0.0,1,SEARCH_PHASE,-2.1159,0.874,12.0804,8.1682
75,0.257,-51.604,41.1324,2.4334,-2.0975,0.882,1.685,2.433,14.558,14.728,-63.6425,32.9465,0.2,0.0,0.0,0.0,-2.1273,0.7717,1.7,2.8304,-0.5075,0,0,0,0.772,0.415,0.585,0,0,0.0,1,SEARCH_PHASE,-2.0975,0.882,12.0385,8.1859
76,0.26,-51.6456,41.1501,2.4671,-2.0812,0.8854,1.6852,2.467,14.534,14.709,-63.6425,32.9465,0.2,0.0,0.0,0.0,-2.1272,0.7694,1.7,2.8297,-0.546,0,0,0,0.771,0.414,0.586,0,0,0.0,1,SEARCH_PHASE,-2.0812,0.8854,11.9968,8.2036
77,0.264,-51.687,41.1679,2.5008,-2.0667,0.888,1.686,2.501,14.509,14.691,-63.6425,32.9465,0.2,0.0,0.0,0.0,-2.1422,0.7238,1.7,2.8289,-0.4922,0,0,0,0.767,0.416,0.584,0,0,0.0,1,SEARCH_PHASE,-2.0667,0.888,11.9555,8.2214
78,0.268,-51.7281,41.1856,2.5346,-2.0545,0.8866,1.6866,2.535,14.486,14.673,-63.6425,32.9465,0.2,0.0,0.0,0.0,-2.1561,0.6787,1.7,2.8284,-0.5299,0,0,0,0.766,0.417,0.583,0,0,0.0,1,SEARCH_PHASE,-2.0545,0.8866,11.9144,8.2391
79,0.271,-51.769,41.2033,2.5683,-2.0441,0.885,1.6873,2.568,14.462,14.655,-63.6425,32.9465,0.2,0.0,0.0,0.0,-2.1402,0.724,1.7,2.8275,-0.5438,0,0,0,0.768,0.405,0.595,0,0,0.0,1,SEARCH_PHASE,-2.0441,0.885,11.8735,8.2568
80,0.275,-51.8097,41.2209,2.6021,-2.0361,0.8798,1.6887,2.602,14.439,14.637,-63.6425,32.9465,0.2,0.0,0.0,0.0,-2.1286,0.7559,1.7,2.8271,-0.5021,0,0,0,0.766,0.401,0.599,0,0,0.0,1,SEARCH_PHASE,-2.0361,0.8798,11.8328,8.2744
81,0.279,-51.8503,41.2383,2.6359,-2.03,0.8693,1.6892,2.636,14.416,14.62,-63.6425,32.9465,0.2,0.0,0.0,0.0,-2.143,0.7101,1.7,2.8261,-0.4731,0,0,0,0.762,0.394,0.606,0,0,0.0,1,SEARCH_PHASE,-2.03,0.8693,11.7922,8.2918
82,0.282,-51.8908,41.2554,2.6697,-2.0251,0.8568,1.6899,2.67,14.392,14.603,-63.6425,32.9465,0.2,0.0,0.0,0.0,-2.1568,0.6641,1.7,2.8254,-0.4954,0,0,0,0.76,0.387,0.613,0,0,0.0,1,SEARCH_PHASE,-2.0251,0.8568,11.7517,8.3089
83,0.286,-51.9312,41.2723,2.7035,-2.0231,0.8443,1.6909,2.703,14.369,14.586,-63.6425,32.9465,0.2,0.0,0.0,0.0,-2.1698,0.6179,1.7,2.8249,-0.4947,0,0,0,0.759,0.392,0.608,0,0,0.0,1,SEARCH_PHASE,-2.0231,0.8443,11.7112,8.3258
84,0.289,-51.9717,41.2889,2.7373,-2.0227,0.8295,1.6924,2.737,14.346,14.568,-63.6425,32.9465,0.2,0.0,0.0,0.0,-2.1655,0.6312,1.7,2.8245,-0.499,0,0,0,0.76,0.394,0.606,0,0,0.0,1,SEARCH_PHASE,-2.0227,0.8295,11.6708,8.3424
85,0.293,-52.0122,41.3052,2.7712,-2.0255,0.8122,1.6929,2.771,14.322,14.551,-63.6425,32.9465,0.2,0.0,0.0,0.0,-2.1728,0.6028,1.7,2.8239,-0.482,0,0,0,0.758,0.393,0.607,0,0,0.0,1,SEARCH_PHASE,-2.0255,0.8122,11.6303,8.3586
86,0.296,-52.0528,41.321,2.805,-2.0281,0.7916,1.6934,2.805,14.299,14.534,-63.6425,32.9465,0.2,0.0,0.0,0.0,-2.1842,0.5562,1.7,2.8231,-0.461,0,0,0,0.756,0.39,0.61,0,0,0.0,1,SEARCH_PHASE,-2.0281,0.7916,11.5897,8.3745
87,0.299,-52.0934,41.3364,2.8389,-2.0338,0.7688,1.694,2.839,14.275,14.517,-63.6425,32.9465,0.2,0.0,0.0,0.0,-2.1712,0.6024,1.7,2.8226,-0.4998,0,0,0,0.758,0.401,0.599,0,0,0.0,1,SEARCH_PHASE,-2.0338,0.7688,11.549,8.3898
88,0.302,-52.1343,41.3513,2.8728,-2.0405,0.7455,1.6932,2.873,14.251,14.499,-63.6425,32.9465,0.2,0.0,0.0,0.0,-2.1828,0.5558,1.7,2.8219,-0.457,0,0,0,0.756,0.399,0.601,0,0,0.0,1,SEARCH_PHASE,-2.0405,0.7455,11.5082,8.4047
89,0.306,-52.1752,41.3656,2.9066,-2.0496,0.7177,1.6925,2.907,14.226,14.481,-63.6425,32.9465,0.2,0.0,0.0,0.0,-2.192,0.5087,1.7,2.8202,-0.4091,0,0,0,0.751,0.388,0.612,0,0,0.0,1,SEARCH_PHASE,-2.0496,0.7177,11.4672,8.4191
90,0.309,-52.2164,41.3794,2.9405,-2.0598,0.6887,1.6921,2.94,14.201,14.463,-63.6425,32.9465,0.2,0.0,0.0,0.0,-2.1999,0.4613,1.7,2.8182,-0.4417,0,0,0,0.748,0.388,0.612,0,0,0.0,1,SEARCH_PHASE,-2.0598,0.6887,11.426,8.4329
91,0.313,-52.2578,41.3926,2.9743,-2.0699,0.6622,1.6922,2.974,14.176,14.445,-63.6425,32.9465,0.2,0.0,0.0,0.0,-2.2082,0.4141,1.7,2.8174,-0.4563,0,0,0,0.749,0.397,0.603,0,0,0.0,1,SEARCH_PHASE,-2.0699,0.6622,11.3847,8.4461
92,0.317,-52.2995,41.4053,3.0082,-2.0811,0.635,1.6929,3.008,14.15,14.426,-63.6425,32.9465,0.2,0.0,0.0,0.0,-2.2146,0.3665,1.7,2.8158,-0.4343,0,0,0,0.746,0.392,0.608,0,0,0.0,1,SEARCH_PHASE,-2.0811,0.635,11.343,8.4588
93,0.32,-52.3413,41.4175,3.0421,-2.0915,0.6055,1.6935,3.042,14.124,14.407,-63.6425,32.9465,0.2,0.0,0.0,0.0,-2.2213,0.3189,1.7,2.8153,-0.446,0,0,0,0.746,0.393,0.607,0,0,0.0,1,SEARCH_PHASE,-2.0915,0.6055,11.3012,8.4709
94,0.324,-52.3834,41.429,3.0759,-2.1047,0.5753,1.6939,3.076,14.097,14.387,-63.6425,32.9465,0.2,0.0,0.0,0.0,-2.2255,0.2711,1.7,2.8136,-0.4211,0,0,0,0.743,0.387,0.613,0,0,0.0,1,SEARCH_PHASE,-2.1047,0.5753,11.2591,8.4824
95,0.328,-52.4257,41.4398,3.1098,-2.1174,0.5431,1.6942,3.11,14.07,14.367,-63.6425,32.9465,0.2,0.0,0.0,0.0,-2.2297,0.2233,1.7,2.8127,-0.4341,0,0,0,0.743,0.384,0.616,0,0,0.0,1,SEARCH_PHASE,-2.1174,0.5431,11.2168,8.4933
96,0.332,-52.4684,41.45,3.1437,-2.1329,0.5107,1.6941,3.144,14.042,14.347,-63.6425,32.9465,0.2,0.0,0.0,0.0,-2.2331,0.1754,1.7,2.8121,-0.4292,0,0,0,0.742,0.381,0.619,0,0,0.0,1,SEARCH_PHASE,-2.1329,0.5107,11.1741,8.5035
97,0.336,-52.5113,41.4596,3.1776,-2.1479,0.4765,1.6944,3.178,14.013,14.326,-63.6425,32.9465,0.2,0.0,0.0,0.0,-2.2397,0.1279,1.7,2.8147,-0.444,0,0,0,0.744,0.377,0.623,0,0,0.0,1,SEARCH_PHASE,-2.1479,0.4765,11.1311,8.513
98,0.339,-52.5546,41.4684,3.2115,-2.1634,0.4407,1.6948,3.211,13.984,14.305,-63.6425,32.9465,0.2,0.0,0.0,0.0,-2.2416,0.0799,1.7,2.8145,-0.4195,0,0,0,0.743,0.374,0.626,0,0,0.0,1,SEARCH_PHASE,-2.1634,0.4407,11.0879,8.5218
99,0.343,-52.5981,41.4764,3.2454,-2.1762,0.4018,1.695,3.245,13.955,14.283,-63.6425,32.9465,0.2,0.0,0.0,0.0,-2.2386,0.1278,1.7,2.8138,-0.4347,0,0,0,0.744,0.378,0.622,0,0,0.0,1,SEARCH_PHASE,-2.1762,0.4018,11.0443,8.5299
100,0.348,-52.6419,41.4837,3.2792,-2.1895,0.3621,1.692,3.279,13.925,14.261,-63.6425,32.9465,0.2,0.0,0.0,0.0,-2.2398,0.0798,1.7,2.813,-0.4071,0,0,0,0.743,0.377,0.623,0,0,0.0,1,SEARCH_PHASE,-2.1895,0.3621,11.0006,8.5371
101,0.352,-52.6859,41.4901,3.313,-2.2006,0.3195,1.6894,3.313,13.894,14.238,-63.6425,32.9465,0.2,0.0,0.0,0.0,-2.2391,0.0319,1.7,2.8115,-0.371,0,0,0,0.739,0.374,0.626,0,0,0.0,1,SEARCH_PHASE,-2.2006,0.3195,10.9565,8.5435
102,0.356,-52.7302,41.4956,3.3468,-2.2122,0.2757,1.6882,3.347,13.862,14.215,-63.6425,32.9465,0.2,0.0,0.0,0.0,-2.2373,-0.0161,1.7,2.81,-0.4052,0,0,0,0.737,0.373,0.627,0,0,0.0,1,SEARCH_PHASE,-2.2122,0.2757,10.9123,8.549
103,0.36,-52.7746,41.5002,3.3805,-2.2223,0.2338,1.6877,3.381,13.83,14.191,-63.6425,32.9465,0.2,0.0,0.0,0.0,-2.2339,-0.064,1.7,2.8079,-0.381,0,0,0,0.734,0.371,0.629,0,0,0.0,1,SEARCH_PHASE,-2.2223,0.2338,10.8679,8.5537
104,0.363,-52.8193,41.5041,3.4143,-2.2326,0.1908,1.6874,3.414,13.798,14.167,-63.6425,32.9465,0.2,0.0,0.0,0.0,-2.2302,-0.1119,1.7,2.8065,-0.4155,0,0,0,0.734,0.369,0.631,0,0,0.0,1,SEARCH_PHASE,-2.2326,0.1908,10.8232,8.5575
105,0.367,-52.8641,41.507,3.448,-2.2408,0.1486,1.6876,3.448,13.764,14.142,-63.6425,32.9465,0.2,0.0,0.0,0.0,-2.2247,-0.1595,1.7,2.8044,-0.373,0,0,0,0.731,0.365,0.635,0,0,0.0,1,SEARCH_PHASE,-2.2408,0.1486,10.7784,8.5605
106,0.371,-52.9091,41.5091,3.4818,-2.2485,0.1042,1.6874,3.482,13.73,14.117,-63.6425,32.9465,0.2,0.0,0.0,0.0,-2.2187,-0.2072,1.7,2.8028,-0.4077,0,0,0,0.73,0.365,0.635,0,0,0.0,1,SEARCH_PHASE,-2.2485,0.1042,10.7334,8.5626
107,0.375,-52.9542,41.5103,3.5155,-2.2541,0.061,1.6877,3.516,13.696,14.092,-63.6425,32.9465,0.2,0.0,0.0,0.0,-2.2108,-0.2545,1.7,2.8004,-0.3647,0,0,0,0.727,0.361,0.639,0,0,0.0,1,SEARCH_PHASE,-2.2541,0.061,10.6883,8.5638
108,0.378,-52.9993,41.5107,3.5493,-2.2591,0.016,1.6877,3.549,13.661,14.066,-63.6425,32.9465,0.2,0.0,0.0,0.0,-2.2022,-0.3017,1.7,2.7984,-0.3996,0,0,0,0.726,0.362,0.638,0,0,0.0,1,SEARCH_PHASE,-2.2591,0.016,10.6432,8.5641
109,0.382,-53.0446,41.5101,3.583,-2.2618,-0.0272,1.6876,3.583,13.625,14.039,-63.6425,32.9465,0.2,0.0,0.0,0.0,-2.1921,-0.3486,1.7,2.7958,-0.3666,0,0,0,0.723,0.362,0.638,0,0,0.0,1,SEARCH_PHASE,-2.2618,-0.0272,10.5979,8.5636
110,0.386,-53.0898,41.5087,3.6168,-2.2638,-0.0719,1.6881,3.617,13.589,14.012,-63.6425,32.9465,0.2,0.0,0.0,0.0,-2.1815,-0.3955,1.7,2.7938,-0.4046,0,0,0,0.722,0.361,0.639,0,0,0.0,1,SEARCH_PHASE,-2.2638,-0.0719,10.5526,8.5621
111,0.39,-53.1351,41.5064,3.6506,-2.2632,-0.1153,1.6888,3.651,13.553,13.985,-63.6425,32.9465,0.2,0.0,0.0,0.0,-2.1692,-0.4419,1.7,2.7912,-0.363,0,0,0,0.718,0.366,0.634,0,0,0.0,1,SEARCH_PHASE,-2.2632,-0.1153,10.5074,8.5598
112,0.393,-53.1803,41.5032,3.6844,-2.2617,-0.1604,1.6892,3.684,13.516,13.958,-63.6425,32.9465,0.2,0.0,0.0,0.0,-2.1564,-0.4881,1.7,2.789,-0.4015,0,0,0,0.717,0.361,0.639,0,0,0.0,1,SEARCH_PHASE,-2.2617,-0.1604,10.4621,8.5566
113,0.397,-53.2255,41.4991,3.7182,-2.2574,-0.2036,1.6899,3.718,13.478,13.93,-63.6425,32.9465,0.2,0.0,0.0,0.0,-2.1426,-0.5341,1.7,2.7868,-0.3779,0,0,0,0.715,0.363,0.637,0,0,0.0,1,SEARCH_PHASE,-2.2574,-0.2036,10.417,8.5526
114,0.401,-53.2705,41.4941,3.752,-2.2521,-0.2482,1.6905,3.752,13.44,13.902,-63.6425,32.9465,0.2,0.0,0.0,0.0,-2.1288,-0.5801,1.7,2.7854,-0.4173,0,0,0,0.715,0.365,0.635,0,0,0.0,1,SEARCH_PHASE,-2.2521,-0.2482,10.372,8.5476
115,0.404,-53.3154,41.4883,3.7858,-2.2435,-0.292,1.6912,3.786,13.402,13.873,-63.6425,32.9465,0.2,0.0,0.0,0.0,-2.1138,-0.6257,1.7,2.7838,-0.3738,0,0,0,0.713,0.364,0.636,0,0,0.0,1,SEARCH_PHASE,-2.2435,-0.292,10.3271,8.5418
116,0.408,-53.3601,41.4815,3.8196,-2.2332,-0.3383,1.6914,3.82,13.363,13.845,-63.6425,32.9465,0.2,0.0,0.0,0.0,-2.0986,-0.6712,1.7,2.7829,-0.414,0,0,0,0.713,0.365,0.635,0,0,0.0,1,SEARCH_PHASE,-2.2332,-0.3383,10.2824,8.535
117,0.412,-53.4045,41.4738,3.8535,-2.2196,-0.3835,1.6918,3.853,13.324,13.816,-63.6425,32.9465,0.2,0.0,0.0,0.0,-2.0821,-0.7163,1.7,2.7818,-0.3694,0,0,0,0.71,0.363,0.637,0,0,0.0,1,SEARCH_PHASE,-2.2196,-0.3835,10.238,8.5273
118,0.416,-53.4485,41.4652,3.8873,-2.2042,-0.4306,1.6916,3.887,13.285,13.787,-63.6425,32.9465,0.2,0.0,0.0,0.0,-2.0652,-0.7612,1.7,2.7811,-0.4103,0,0,0,0.71,0.361,0.639,0,0,0.0,1,SEARCH_PHASE,-2.2042,-0.4306,10.1939,8.5187
119,0.419,-53.4922,41.4557,3.9211,-2.1853,-0.4761,1.6916,3.921,13.245,13.758,-63.6425,32.9465,0.2,0.0,0.0,0.0,-2.047,-0.8056,1.7,2.7802,-0.3751,0,0,0,0.707,0.36,0.64,0,0,0.0,1,SEARCH_PHASE,-2.1853,-0.4761,10.1502,8.5092
120,0.423,-53.5355,41.4453,3.9549,-2.1646,-0.5231,1.6912,3.955,13.205,13.729,-63.6425,32.9465,0.2,0.0,0.0,0.0,-2.0284,-0.8498,1.652,2.7506,-0.417,0,0,0,0.706,0.36,0.64,0,0,0.0,1,SEARCH_PHASE,-2.1646,-0.5231,10.1069,8.4987
121,0.427,-53.5784,41.434,3.9884,-2.1437,-0.565,1.6743,3.988,13.165,13.699,-63.6425,32.9465,0.2,0.0,0.0,0.0,-2.0084,-0.8935,1.604,2.7211,-0.3726,0,0,0,0.703,0.358,0.642,0,0,0.0,1,SEARCH_PHASE,-2.1437,-0.565,10.0641,8.4874
122,0.431,-53.6209,41.4218,4.0213,-2.1238,-0.6062,1.6462,4.021,13.125,13.67,-63.6425,32.9465,0.2,0.0,0.0,0.0,-1.9877,-0.9368,1.556,2.6926,-0.4116,0,0,0,0.702,0.357,0.643,0,0,0.0,1,SEARCH_PHASE,-2.1238,-0.6062,10.0216,8.4753
123,0.434,-53.663,41.4089,4.0536,-2.1032,-0.6444,1.6115,4.054,13.084,13.64,-63.6425,32.9465,0.2,0.0,0.0,0.0,-1.9664,-0.9798,1.508,2.6648,-0.3973,0,0,0,0.702,0.356,0.644,0,0,0.0,1,SEARCH_PHASE,-2.1032,-0.6444,9.9795,8.4624
124,0.438,-53.7046,41.3953,4.085,-2.0831,-0.6826,1.5718,4.085,13.044,13.61,-63.6425,32.9465,0.2,0.0,0.0,0.0,-1.9447,-1.0226,1.46,2.638,-0.4111,0,0,0,0.702,0.357,0.643,0,0,0.0,1,SEARCH_PHASE,-2.0831,-0.6826,9.9379,8.4488
125,0.442,-53.7458,41.3809,4.1156,-2.0614,-0.7207,1.5293,4.116,13.003,13.58,-63.6425,32.9465,0.2,0.0,0.0,0.0,-1.9218,-1.0648,1.412,2.6117,-0.3751,0,0,0,0.7,0.355,0.645,0,0,0.0,1,SEARCH_PHASE,-2.0614,-0.7207,9.8966,8.4343
126,0.446,-53.7866,41.3657,4.1453,-2.0397,-0.7604,1.4854,4.145,12.962,13.549,-63.6425,32.9465,0.2,0.0,0.0,0.0,-1.8984,-1.1067,1.364,2.5863,-0.4082,0,0,0,0.7,0.356,0.644,0,0,0.0,1,SEARCH_PHASE,-2.0397,-0.7604,9.8558,8.4191
127,0.45,-53.827,41.3497,4.1741,-2.0181,-0.7996,1.4401,4.174,12.921,13.519,-63.6425,32.9465,0.2,0.0,0.0,0.0,-1.8739,-1.148,1.316,2.5615,-0.3702,0,0,0,0.698,0.354,0.646,0,0,0.0,1,SEARCH_PHASE,-2.0181,-0.7996,9.8155,8.4031
128,0.455,-53.867,41.3329,4.202,-1.9976,-0.8407,1.394,4.202,12.88,13.487,-63.6425,32.9465,0.2,0.0,0.0,0.0,-1.849,-1.189,1.268,2.5378,-0.4034,0,0,0,0.698,0.353,0.647,0,0,0.0,1,SEARCH_PHASE,-1.9976,-0.8407,9.7755,8.3863
129,0.459,-53.9065,41.3152,4.2289,-1.977,-0.8815,1.3469,4.229,12.838,13.456,-63.6425,32.9465,0.2,0.0,0.0,0.0,-1.823,-1.2294,1.22,2.5145,-0.3659,0,0,0,0.696,0.351,0.649,0,0,0.0,1,SEARCH_PHASE,-1.977,-0.8815,9.736,8.3687
130,0.463,-53.9456,41.2967,4.2549,-1.9571,-0.9244,1.2996,4.255,12.797,13.424,-63.6425,32.9465,0.2,0.0,0.0,0.0,-1.7963,-1.2693,1.172,2.4923,-0.3966,0,0,0,0.697,0.355,0.645,0,0,0.0,1,SEARCH_PHASE,-1.9571,-0.9244,9.6969,8.3502
131,0.468,-53.9844,41.2774,4.28,-1.9368,-0.967,1.2525,4.28,12.755,13.391,-63.6425,32.9465,0.2,0.0,0.0,0.0,-1.7684,-1.3083,1.124,2.4703,-0.3557,0,0,0,0.695,0.351,0.649,0,0,0.0,1,SEARCH_PHASE,-1.9368,-0.967,9.6581,8.3309
132,0.472,-54.0227,41.2572,4.3041,-1.9156,-1.011,1.2048,4.304,12.712,13.359,-63.6425,32.9465,0.2,0.0,0.0,0.0,-1.7392,-1.3464,1.076,2.4486,-0.3919,0,0,0,0.695,0.351,0.649,0,0,0.0,1,SEARCH_PHASE,-1.9156,-1.011,9.6198,8.3107
133,0.476,-54.0605,41.2361,4.3272,-1.8922,-1.0539,1.1569,4.327,12.67,13.325,-63.6425,32.9465,0.2,0.0,0.0,0.0,-1.721,-1.3673,1.028,2.4265,-0.3529,0,0,0,0.692,0.352,0.648,0,0,0.0,1,SEARCH_PHASE,-1.8922,-1.0539,9.582,8.2896
134,0.481,-54.0979,41.2141,4.3494,-1.8679,-1.0976,1.1079,4.349,12.627,13.292,-63.6425,32.9465,0.2,0.0,0.0,0.0,-1.7159,-1.3713,0.98,2.4053,-0.3897,0,0,0,0.692,0.349,0.651,0,0,0.0,1,SEARCH_PHASE,-1.8679,-1.0976,9.5446,8.2676
135,0.485,-54.1347,41.1914,4.3705,-1.8418,-1.1396,1.0569,4.37,12.585,13.258,-63.6425,32.9465,0.2,0.0,0.0,0.0,-1.702,-1.3862,0.932,2.3848,-0.3579,0,0,0,0.69,0.348,0.652,0,0,0.0,1,SEARCH_PHASE,-1.8418,-1.1396,9.5078,8.2448
136,0.489,-54.171,41.1677,4.3906,-1.815,-1.1825,1.0058,4.391,12.542,13.223,-63.6425,32.9465,0.2,0.0,0.0,0.0,-1.6834,-1.4065,0.884,2.365,-0.3471,0,0,0,0.686,0.344,0.656,0,0,0.0,1,SEARCH_PHASE,-1.815,-1.1825,9.4715,8.2212
137,0.494,-54.2068,41.1432,4.4097,-1.7874,-1.2244,0.9546,4.41,12.499,13.189,-63.6425,32.9465,0.2,0.0,0.0,0.0,-1.6746,-1.4146,0.836,2.3461,-0.3631,0,0,0,0.684,0.345,0.655,0,0,0.0,1,SEARCH_PHASE,-1.7874,-1.2244,9.4357,8.1967
138,0.498,-54.242,41.1179,4.4278,-1.7614,-1.2643,0.9041,4.428,12.456,13.154,-63.6425,32.9465,0.2,0.0,0.0,0.0,-1.6622,-1.4269,0.788,2.3281,-0.3545,0,0,0,0.679,0.34,0.66,0,0,0.0,1,SEARCH_PHASE,-1.7614,-1.2643,9.4005,8.1714
139,0.502,-54.2767,41.0919,4.4449,-1.7348,-1.3031,0.8537,4.445,12.412,13.118,-63.6425,32.9465,0.2,0.0,0.0,0.0,-1.655,-1.433,0.74,2.3109,-0.3411,0,0,0,0.674,0.335,0.665,0,0,0.0,1,SEARCH_PHASE,-1.7348,-1.3031,9.3658,8.1453
140,0.505,-54.3109,41.0651,4.4609,-1.7101,-1.3397,0.8039,4.461,12.369,13.082,-63.6425,32.9465,0.2,0.0,0.0,0.0,-1.6505,-1.4359,0.692,2.2945,-0.3487,0,0,0,0.668,0.344,0.656,0,0,0.0,1,SEARCH_PHASE,-1.7101,-1.3397,9.3316,8.1185
141,0.509,-54.3446,41.0376,4.476,-1.6857,-1.3735,0.7546,4.476,12.325,13.046,-63.6425,32.9465,0.2,0.0,0.0,0.0,-1.6492,-1.4351,0.644,2.2791,-0.3464,0,0,0,0.662,0.33,0.67,0,0,0.0,1,SEARCH_PHASE,-1.6857,-1.3735,9.2979,8.0911
142,0.513,-54.3779,41.0095,4.4901,-1.6635,-1.4043,0.7059,4.49,12.282,13.01,-63.6425,32.9465,0.2,0.0,0.0,0.0,-1.648,-1.4342,0.596,2.2645,-0.3394,0,0,0,0.654,0.32,0.68,0,0,0.0,1,SEARCH_PHASE,-1.6635,-1.4043,9.2646,8.063
143,0.516,-54.4107,40.9809,4.5033,-1.6418,-1.4322,0.6578,4.503,12.238,12.973,-63.6425,32.9465,0.2,0.0,0.0,0.0,-1.6469,-1.4332,0.548,2.2509,-0.3515,0,0,0,0.647,0.315,0.685,0,0,0.0,1,SEARCH_PHASE,-1.6418,-1.4322,9.2318,8.0343
144,0.52,-54.4432,40.9518,4.5155,-1.6229,-1.4562,0.6105,4.516,12.195,12.936,-63.6425,32.9465,0.2,0.0,0.0,0.0,-1.6458,-1.4322,0.5,2.2383,-0.3448,0,0,0,0.636,0.304,0.696,0,0,0.0,1,SEARCH_PHASE,-1.6229,-1.4562,9.1993,8.0052
145,0.524,-54.4753,40.9222,4.5268,-1.6049,-1.4772,0.5639,4.527,12.151,12.898,-63.6425,32.9465,0.2,0.0,0.0,0.0,-1.6448,-1.431,0.452,2.2266,-0.3569,0,0,0,0.628,0.308,0.692,0,0,0.0,1,SEARCH_PHASE,-1.6049,-1.4772,9.1672,7.9757
146,0.527,-54.5071,40.8923,4.5371,-1.5902,-1.4941,0.5171,4.537,12.107,12.861,-63.6425,32.9465,0.2,0.0,0.0,0.0,-1.6439,-1.4298,0.404,2.2158,-0.3467,0,0,0,0.616,0.292,0.708,0,0,0.0,1,SEARCH_PHASE,-1.5902,-1.4941,9.1354,7.9458
147,0.531,-54.5386,40.8622,4.5466,-1.5767,-1.508,0.4711,4.547,12.064,12.823,-63.6425,32.9465,0.2,0.0,0.0,0.0,-1.643,-1.4286,0.356,2.2061,-0.3667,0,0,0,0.607,0.285,0.715,0,0,0.0,1,SEARCH_PHASE,-1.5767,-1.508,9.1039,7.9156
148,0.535,-54.57,40.8318,4.5551,-1.5667,-1.5179,0.4259,4.555,12.02,12.785,-63.6425,32.9465,0.2,0.0,0.0,0.0,-1.6421,-1.4272,0.308,2.1974,-0.3544,0,0,0,0.593,0.27,0.73,0,0,0.0,1,SEARCH_PHASE,-1.5667,-1.5179,9.0725,7.8853
149,0.539,-54.6011,40.8013,4.5627,-1.5581,-1.5248,0.3801,4.563,11.977,12.747,-63.6425,32.9465,0.2,0.0,0.0,0.0,-1.6413,-1.4259,0.26,2.1897,-0.3693,0,0,0,0.584,0.273,0.727,0,0,0.0,1,SEARCH_PHASE,-1.5581,-1.5248,9.0414,7.8548
150,0.542,-54.6322,40.7707,4.5694,-1.5525,-1.528,0.3348,4.569,11.933,12.708,-63.6425,32.9465,0.2,0.0,0.0,0.0,-1.6405,-1.4246,0.212,2.183,-0.3709,0,0,0,0.572,0.266,0.734,0,0,0.0,1,SEARCH_PHASE,-1.5525,-1.528,9.0103,7.8242
151,0.546,-54.6631,40.7402,4.5751,-1.5478,-1.5283,0.2888,4.575,11.89,12.669,-63.6425,32.9465,0.2,0.0,0.0,0.0,-1.6397,-1.4232,0.164,2.1774,-0.3821,0,0,0,0.566,0.263,0.737,0,0,0.0,1,SEARCH_PHASE,-1.5478,-1.5283,8.9794,7.7937
152,0.55,-54.694,40.7097,4.58,-1.5457,-1.526,0.243,4.58,11.847,12.63,-63.6425,32.9465,0.2,0.0,0.0,0.0,-1.6389,-1.4218,0.116,2.1728,-0.3649,0,0,0,0.554,0.254,0.746,0,0,0.0,1,SEARCH_PHASE,-1.5457,-1.526,8.9485,7.7631
153,0.554,-54.7249,40.6792,4.5839,-1.5438,-1.522,0.197,4.584,11.803,12.591,-63.6425,32.9465,0.2,0.0,0.0,0.0,-1.6381,-1.4205,0.068,2.1693,-0.3773,0,0,0,0.548,0.245,0.755,0,0,0.0,1,SEARCH_PHASE,-1.5438,-1.522,8.9176,7.7327
154,0.557,-54.7558,40.6489,4.5869,-1.5441,-1.5154,0.1497,4.587,11.76,12.552,-63.6425,32.9465,0.2,0.0,0.0,0.0,-1.6373,-1.4191,0.02,2.1668,-0.3619,0,0,0,0.536,0.236,0.764,0,0,0.0,1,SEARCH_PHASE,-1.5441,-1.5154,8.8867,7.7024
155,0.561,-54.7867,40.6188,4.589,-1.5443,-1.5072,0.103,4.589,11.717,12.512,-63.6425,32.9465,0.2,0.0,0.0,0.0,-1.6365,-1.4178,-0.028,2.1655,-0.3808,0,0,0,0.53,0.234,0.766,0,0,0.0,1,SEARCH_PHASE,-1.5443,-1.5072,8.8558,7.6722
156,0.565,-54.8176,40.5888,4.5901,-1.5464,-1.4966,0.0558,4.59,11.674,12.472,-63.6425,32.9465,0.2,0.0,0.0,0.0,-1.6357,-1.4165,-0.076,2.1651,-0.4064,0,0,0,0.529,0.236,0.764,0,0,0.0,1,SEARCH_PHASE,-1.5464,-1.4966,8.8249,7.6423
157,0.568,-54.8486,40.5591,4.5903,-1.5488,-1.4847,0.0085,4.59,11.631,12.432,-63.6425,32.9465,0.2,0.0,0.0,0.0,-1.6349,-1.4152,-0.124,2.1659,-0.3646,0,0,0,0.52,0.229,0.771,0,0,0.0,1,SEARCH_PHASE,-1.5488,-1.4847,8.7939,7.6126
158,0.572,-54.8796,40.5297,4.5895,-1.5525,-1.4731,-0.0392,4.59,11.588,12.392,-63.6425,32.9465,0.2,0.0,0.0,0.0,-1.634,-1.414,-0.172,2.1677,-0.3924,0,0,0,0.518,0.238,0.762,0,0,0.0,1,SEARCH_PHASE,-1.5525,-1.4731,8.7629,7.5832
159,0.576,-54.9108,40.5005,4.5878,-1.5566,-1.4596,-0.0877,4.588,11.546,12.351,-63.6425,32.9465,0.2,0.0,0.0,0.0,-1.6331,-1.4128,-0.22,2.1706,-0.4041,0,0,0,0.523,0.234,0.766,0,0,0.0,1,SEARCH_PHASE,-1.5566,-1.4596,8.7317,7.554
160,0.58,-54.942,40.4716,4.585,-1.562,-1.4461,-0.1358,4.585,11.503,12.311,-63.6425,32.9465,0.2,0.0,0.0,0.0,-1.6321,-1.4116,-0.268,2.1745,-0.3853,0,0,0,0.523,0.232,0.768,0,0,0.0,1,SEARCH_PHASE,-1.562,-1.4461,8.7005,7.525
161,0.583,-54.9733,40.4429,4.5814,-1.5665,-1.4335,-0.1835,4.581,11.461,12.27,-63.6425,32.9465,0.2,0.0,0.0,0.0,-1.6312,-1.4105,-0.316,2.1795,-0.3983,0,0,0,0.529,0.234,0.766,0,0,0.0,1,SEARCH_PHASE,-1.5665,-1.4335,8.6692,7.4964
162,0.587,-55.0048,40.4145,4.5767,-1.5722,-1.4209,-0.2321,4.577,11.418,12.228,-63.6425,32.9465,0.2,0.0,0.0,0.0,-1.6302,-1.4094,-0.364,2.1855,-0.3807,0,0,0,0.528,0.232,0.768,0,0,0.0,1,SEARCH_PHASE,-1.5722,-1.4209,8.6377,7.4679
163,0.59,-55.0363,40.3863,4.5711,-1.5769,-1.4093,-0.2797,4.571,11.376,12.187,-63.6425,32.9465,0.2,0.0,0.0,0.0,-1.6292,-1.4084,-0.412,2.1926,-0.3991,0,0,0,0.534,0.235,0.765,0,0,0.0,1,SEARCH_PHASE,-1.5769,-1.4093,8.6062,7.4398
164,0.594,-55.068,40.3583,4.5646,-1.5826,-1.3977,-0.3275,4.565,11.334,12.145,-63.6425,32.9465,0.2,0.0,0.0,0.0,-1.6281,-1.4074,-0.46,2.2007,-0.3894,0,0,0,0.536,0.239,0.761,0,0,0.0,1,SEARCH_PHASE,-1.5826,-1.3977,8.5745,7.4118
165,0.598,-55.0997,40.3306,4.5571,-1.5872,-1.3873,-0.3755,4.557,11.292,12.103,-63.6425,32.9465,0.2,0.0,0.0,0.0,-1.6271,-1.4064,-0.508,2.2098,-0.4065,0,0,0,0.544,0.242,0.758,0,0,0.0,1,SEARCH_PHASE,-1.5872,-1.3873,8.5428,7.3841
166,0.601,-55.1316,40.303,4.5486,-1.5925,-1.3773,-0.4231,4.549,11.25,12.061,-63.6425,32.9465,0.2,0.0,0.0,0.0,-1.626,-1.4054,-0.556,2.22,-0.3918,0,0,0,0.546,0.245,0.755,0,0,0.0,1,SEARCH_PHASE,-1.5925,-1.3773,8.5109,7.3565
167,0.605,-55.1635,40.2757,4.5392,-1.5963,-1.3687,-0.4707,4.539,11.208,12.018,-63.6425,32.9465,0.2,0.0,0.0,0.0,-1.6249,-1.4045,-0.604,2.2311,-0.4091,0,0,0,0.555,0.249,0.751,0,0,0.0,1,SEARCH_PHASE,-1.5963,-1.3687,8.479,7.3291
168,0.609,-55.1955,40.2485,4.5288,-1.6006,-1.3608,-0.5182,4.529,11.166,11.975,-63.6425,32.9465,0.2,0.0,0.0,0.0,-1.6237,-1.4036,-0.652,2.2432,-0.3943,0,0,0,0.558,0.253,0.747,0,0,0.0,1,SEARCH_PHASE,-1.6006,-1.3608,8.447,7.3019
169,0.612,-55.2276,40.2214,4.5175,-1.6032,-1.3544,-0.566,4.518,11.124,11.932,-63.6425,32.9465,0.2,0.0,0.0,0.0,-1.6226,-1.4027,-0.7,2.2562,-0.411,0,0,0,0.567,0.258,0.742,0,0,0.0,1,SEARCH_PHASE,-1.6032,-1.3544,8.4149,7.2748
170,0.617,-55.2597,40.1944,4.5052,-1.606,-1.3488,-0.6133,4.505,11.082,11.889,-63.6425,32.9465,0.2,0.0,0.0,0.0,-1.6214,-1.4019,-0.748,2.2702,-0.3951,0,0,0,0.572,0.264,0.736,0,0,0.0,1,SEARCH_PHASE,-1.606,-1.3488,8.3828,7.2479
171,0.621,-55.2918,40.1675,4.492,-1.6069,-1.345,-0.6609,4.492,11.04,11.845,-63.6425,32.9465,0.2,0.0,0.0,0.0,-1.6202,-1.4011,-0.796,2.2851,-0.4025,0,0,0,0.579,0.271,0.729,0,0,0.0,1,SEARCH_PHASE,-1.6069,-1.345,8.3507,7.221
172,0.625,-55.324,40.1407,4.4779,-1.6077,-1.342,-0.7082,4.478,10.998,11.801,-63.6425,32.9465,0.2,0.0,0.0,0.0,-1.6191,-1.4002,-0.844,2.3009,-0.3861,0,0,0,0.581,0.274,0.726,0,0,0.0,1,SEARCH_PHASE,-1.6077,-1.342,8.3185,7.1941
173,0.629,-55.3561,40.1138,4.4627,-1.6071,-1.3404,-0.7556,4.463,10.956,11.756,-63.6425,32.9465,0.2,0.0,0.0,0.0,-1.6179,-1.3994,-0.892,2.3176,-0.4039,0,0,0,0.589,0.278,0.722,0,0,0.0,1,SEARCH_PHASE,-1.6071,-1.3404,8.2864,7.1673
174,0.633,-55.3883,40.0871,4.4467,-1.607,-1.3391,-0.803,4.447,10.914,11.711,-63.6425,32.9465,0.2,0.0,0.0,0.0,-1.6167,-1.3986,-0.94,2.3352,-0.3873,0,0,0,0.592,0.273,0.727,0,0,0.0,1,SEARCH_PHASE,-1.607,-1.3391,8.2542,7.1405
175,0.637,-55.4204,40.0603,4.4297,-1.6051,-1.3394,-0.8508,4.43,10.872,11.666,-63.6425,32.9465,0.2,0.0,0.0,0.0,-1.6155,-1.3977,-0.988,2.3536,-0.39,0,0,0,0.597,0.277,0.723,0,0,0.0,1,SEARCH_PHASE,-1.6051,-1.3394,8.2221,7.1137
176,0.642,-55.4524,40.0335,4.4117,-1.6034,-1.3402,-0.8988,4.412,10.831,11.621,-63.6425,32.9465,0.2,0.0,0.0,0.0,-1.6143,-1.3969,-1.036,2.3729,-0.3747,0,0,0,0.596,0.273,0.727,0,0,0.0,1,SEARCH_PHASE,-1.6034,-1.3402,8.1901,7.0869
177,0.646,-55.4844,40.0066,4.3928,-1.6008,-1.3417,-0.9461,4.393,10.789,11.575,-63.6425,32.9465,0.2,0.0,0.0,0.0,-1.6132,-1.3961,-1.084,2.393,-0.396,0,0,0,0.602,0.282,0.718,0,0,0.0,1,SEARCH_PHASE,-1.6008,-1.3417,8.158,7.0601
178,0.65,-55.5164,39.9798,4.3729,-1.5992,-1.3429,-0.9936,4.373,10.747,11.529,-63.6425,32.9465,0.2,0.0,0.0,0.0,-1.612,-1.3952,-1.132,2.4138,-0.3824,0,0,0,0.602,0.282,0.718,0,0,0.0,1,SEARCH_PHASE,-1.5992,-1.3429,8.1261,7.0332
179,0.654,-55.5484,39.9529,4.3521,-1.5965,-1.345,-1.0415,4.352,10.705,11.482,-63.6425,32.9465,0.2,0.0,0.0,0.0,-1.6108,-1.3944,-1.18,2.4354,-0.4013,0,0,0,0.608,0.282,0.718,0,0,0.0,1,SEARCH_PHASE,-1.5965,-1.345,8.0941,7.0063
180,0.659,-55.5802,39.9259,4.3303,-1.5946,-1.3469,-1.0889,4.33,10.664,11.436,-63.6425,32.9465,0.2,0.0,0.0,0.0,-1.6097,-1.3935,-1.228,2.4578,-0.3866,0,0,0,0.61,0.286,0.714,0,0,0.0,1,SEARCH_PHASE,-1.5946,-1.3469,8.0622,6.9794
181,0.663,-55.6121,39.8989,4.3076,-1.5913,-1.3497,-1.1369,4.308,10.622,11.388,-63.6425,32.9465,0.2,0.0,0.0,0.0,-1.6085,-1.3926,-1.276,2.4809,-0.3885,0,0,0,0.613,0.288,0.712,0,0,0.0,1,SEARCH_PHASE,-1.5913,-1.3497,8.0304,6.9524
182,0.668,-55.6438,39.8719,4.2839,-1.5886,-1.3526,-1.1843,4.284,10.58,11.341,-63.6425,32.9465,0.2,0.0,0.0,0.0,-1.6074,-1.3917,-1.324,2.5047,-0.3728,0,0,0,0.612,0.285,0.715,0,0,0.0,1,SEARCH_PHASE,-1.5886,-1.3526,7.9986,6.9254
183,0.672,-55.6755,39.8448,4.2592,-1.5848,-1.3555,-1.2319,4.259,10.538,11.293,-63.6425,32.9465,0.2,0.0,0.0,0.0,-1.6063,-1.3908,-1.372,2.5292,-0.3941,0,0,0,0.616,0.291,0.709,0,0,0.0,1,SEARCH_PHASE,-1.5848,-1.3555,7.9669,6.8983
184,0.676,-55.7072,39.8176,4.2336,-1.5819,-1.3576,-1.2794,4.234,10.497,11.245,-63.6425,32.9465,0.2,0.0,0.0,0.0,-1.6052,-1.3899,-1.42,2.5544,-0.3784,0,0,0,0.616,0.283,0.717,0,0,0.0,1,SEARCH_PHASE,-1.5819,-1.3576,7.9353,6.8711
185,0.68,-55.7387,39.7904,4.2071,-1.5781,-1.3601,-1.3269,4.207,10.455,11.197,-63.6425,32.9465,0.2,0.0,0.0,0.0,-1.6041,-1.389,-1.468,2.5802,-0.3969,0,0,0,0.621,0.293,0.707,0,0,0.0,1,SEARCH_PHASE,-1.5781,-1.3601,7.9037,6.8439
186,0.685,-55.7703,39.7632,4.1796,-1.5756,-1.3621,-1.3745,4.18,10.413,11.148,-63.6425,32.9465,0.2,0.0,0.0,0.0,-1.603,-1.3881,-1.5,2.5974,-0.3816,0,0,0,0.622,0.29,0.71,0,0,0.0,1,SEARCH_PHASE,-1.5756,-1.3621,7.8722,6.8167
187,0.689,-55.8017,39.7359,4.1513,-1.572,-1.3649,-1.4164,4.151,10.372,11.099,-63.6425,32.9465,0.2,0.0,0.0,0.0,-1.6019,-1.3871,-1.5,2.5962,-0.3825,0,0,0,0.625,0.29,0.71,0,0,0.0,1,SEARCH_PHASE,-1.572,-1.3649,7.8408,6.7894
188,0.693,-55.8331,39.7085,4.1224,-1.5695,-1.3681,-1.4425,4.122,10.33,11.05,-63.6425,32.9465,0.2,0.0,0.0,0.0,-1.6009,-1.3862,-1.5,2.595,-0.366,0,0,0,0.623,0.289,0.711,0,0,0.0,1,SEARCH_PHASE,-1.5695,-1.3681,7.8094,6.762
189,0.697,-55.8644,39.6811,4.0933,-1.5662,-1.3712,-1.4587,4.093,10.288,11.0,-63.6425,32.9465,0.2,0.0,0.0,0.0,-1.5998,-1.3852,-1.5,2.5939,-0.3862,0,0,0,0.626,0.294,0.706,0,0,0.0,1,SEARCH_PHASE,-1.5662,-1.3712,7.7781,6.7346
190,0.702,-55.8957,39.6536,4.0639,-1.5645,-1.3731,-1.469,4.064,10.247,10.951,-63.6425,32.9465,0.2,0.0,0.0,0.0,-1.5988,-1.3842,-1.5,2.5927,-0.3693,0,0,0,0.625,0.295,0.705,0,0,0.0,1,SEARCH_PHASE,-1.5645,-1.3731,7.7468,6.7071
191,0.706,-55.9269,39.6261,4.0344,-1.5614,-1.3748,-1.4754,4.034,10.205,10.902,-63.6425,32.9465,0.2,0.0,0.0,0.0,-1.5977,-1.3832,-1.5,2.5915,-0.3915,0,0,0,0.629,0.295,0.705,0,0,0.0,1,SEARCH_PHASE,-1.5614,-1.3748,7.7156,6.6796
192,0.71,-55.9581,39.5986,4.0048,-1.5595,-1.3752,-1.4793,4.005,10.164,10.852,-63.6425,32.9465,0.2,0.0,0.0,0.0,-1.5967,-1.3822,-1.5,2.5904,-0.3745,0,0,0,0.628,0.297,0.703,0,0,0.0,1,SEARCH_PHASE,-1.5595,-1.3752,7.6844,6.6521
193,0.714,-55.9892,39.5711,3.9752,-1.5563,-1.3758,-1.4817,3.975,10.122,10.803,-63.6425,32.9465,0.2,0.0,0.0,0.0,-1.5957,-1.3812,-1.5,2.5892,-0.3955,0,0,0,0.633,0.296,0.704,0,0,0.0,1,SEARCH_PHASE,-1.5563,-1.3758,7.6532,6.6246
194,0.718,-56.0203,39.5436,3.9455,-1.5544,-1.3753,-1.4833,3.945,10.081,10.754,-63.6425,32.9465,0.2,0.0,0.0,0.0,-1.5947,-1.3802,-1.5,2.588,-0.3786,0,0,0,0.634,0.297,0.703,0,0,0.0,1,SEARCH_PHASE,-1.5544,-1.3753,7.6222,6.5971
195,0.722,-56.0513,39.5161,3.9158,-1.5508,-1.3752,-1.4844,3.916,10.039,10.705,-63.6425,32.9465,0.2,0.0,0.0,0.0,-1.5937,-1.3792,-1.5,2.5869,-0.4052,0,0,0,0.639,0.305,0.695,0,0,0.0,1,SEARCH_PHASE,-1.5508,-1.3752,7.5911,6.5696
196,0.726,-56.0823,39.4886,3.8861,-1.5482,-1.3743,-1.4849,3.886,9.998,10.656,-63.6425,32.9465,0.2,0.0,0.0,0.0,-1.5927,-1.3782,-1.5,2.5857,-0.3884,0,0,0,0.64,0.303,0.697,0,0,0.0,1,SEARCH_PHASE,-1.5482,-1.3743,7.5602,6.5421
197,0.73,-56.1132,39.4611,3.8564,-1.5449,-1.3744,-1.4861,3.856,9.956,10.607,-63.6425,32.9465,0.2,0.0,0.0,0.0,-1.5917,-1.3772,-1.5,2.5846,-0.3937,0,0,0,0.643,0.305,0.695,0,0,0.0,1,SEARCH_PHASE,-1.5449,-1.3744,7.5293,6.5146
198,0.734,-56.1441,39.4337,3.8267,-1.5437,-1.3743,-1.4863,3.827,9.915,10.558,-63.6425,32.9465,0.2,0.0,0.0,0.0,-1.5907,-1.3761,-1.5,2.5834,-0.3736,0,0,0,0.642,0.3,0.7,0,0,0.0,1,SEARCH_PHASE,-1.5437,-1.3743,7.4984,6.4871
199,0.739,-56.1749,39.4062,3.7969,-1.5419,-1.3745,-1.4861,3.797,9.874,10.509,-63.6425,32.9465,0.2,0.0,0.0,0.0,-1.5897,-1.3751,-1.5,2.5823,-0.3922,0,0,0,0.647,0.307,0.693,0,0,0.0,1,SEARCH_PHASE,-1.5419,-1.3745,7.4676,6.4596
200,0.743,-56.2058,39.3787,3.7672,-1.5425,-1.3736,-1.4861,3.767,9.832,10.46,-63.6425,32.9465,0.2,0.0,0.0,0.0,-1.5887,-1.3741,-1.5,2.5811,-0.3728,0,0,0,0.647,0.306,0.694,0,0,0.0,1,SEARCH_PHASE,-1.5425,-1.3736,7.4367,6.4322
201,0.747,-56.2366,39.3512,3.7375,-1.5421,-1.3733,-1.486,3.737,9.791,10.411,-63.6425,32.9465,0.2,0.0,0.0,0.0,-1.5877,-1.3731,-1.5,2.5799,-0.3921,0,0,0,0.652,0.314,0.686,0,0,0.0,1,SEARCH_PHASE,-1.5421,-1.3733,7.4059,6.4047
202,0.751,-56.2675,39.3238,3.7078,-1.5438,-1.3721,-1.4861,3.708,9.75,10.362,-63.6425,32.9465,0.2,0.0,0.0,0.0,-1.5867,-1.372,-1.5,2.5788,-0.3731,0,0,0,0.652,0.312,0.688,0,0,0.0,1,SEARCH_PHASE,-1.5438,-1.3721,7.375,6.3773
203,0.756,-56.2984,39.2964,3.678,-1.5441,-1.3717,-1.486,3.678,9.709,10.313,-63.6425,32.9465,0.2,0.0,0.0,0.0,-1.5857,-1.371,-1.5,2.5776,-0.3932,0,0,0,0.658,0.318,0.682,0,0,0.0,1,SEARCH_PHASE,-1.5441,-1.3717,7.3441,6.3498
204,0.76,-56.3293,39.2689,3.6483,-1.5462,-1.3706,-1.486,3.648,9.667,10.264,-63.6425,32.9465,0.2,0.0,0.0,0.0,-1.5847,-1.37,-1.5,2.5765,-0.3745,0,0,0,0.659,0.318,0.682,0,0,0.0,1,SEARCH_PHASE,-1.5462,-1.3706,7.3132,6.3224
205,0.764,-56.3602,39.2415,3.6186,-1.5467,-1.3704,-1.4861,3.619,9.626,10.215,-63.6425,32.9465,0.2,0.0,0.0,0.0,-1.5837,-1.369,-1.5,2.5753,-0.382,0,0,0,0.663,0.32,0.68,0,0,0.0,1,SEARCH_PHASE,-1.5467,-1.3704,7.2823,6.295
206,0.769,-56.3912,39.2141,3.5889,-1.5484,-1.3699,-1.4867,3.589,9.585,10.166,-63.6425,32.9465,0.2,0.0,0.0,0.0,-1.5827,-1.368,-1.452,2.5465,-0.3659,0,0,0,0.662,0.318,0.682,0,0,0.0,1,SEARCH_PHASE,-1.5484,-1.3699,7.2513,6.2676
207,0.773,-56.4222,39.1867,3.5595,-1.5492,-1.3698,-1.469,3.559,9.543,10.117,-63.6425,32.9465,0.2,0.0,0.0,0.0,-1.5817,-1.367,-1.404,2.5183,-0.3914,0,0,0,0.666,0.321,0.679,0,0,0.0,1,SEARCH_PHASE,-1.5492,-1.3698,7.2203,6.2402
208,0.777,-56.4532,39.1594,3.5307,-1.5521,-1.3684,-1.4398,3.531,9.502,10.069,-63.6425,32.9465,0.2,0.0,0.0,0.0,-1.5807,-1.366,-1.356,2.4906,-0.3768,0,0,0,0.666,0.32,0.68,0,0,0.0,1,SEARCH_PHASE,-1.5521,-1.3684,7.1893,6.2128
209,0.781,-56.4843,39.132,3.5026,-1.5532,-1.3674,-1.4044,3.503,9.46,10.02,-63.6425,32.9465,0.2,0.0,0.0,0.0,-1.5796,-1.365,-1.308,2.4636,-0.3953,0,0,0,0.67,0.324,0.676,0,0,0.0,1,SEARCH_PHASE,-1.5532,-1.3674,7.1582,6.1855
210,0.786,-56.5154,39.1047,3.4753,-1.5563,-1.3651,-1.3638,3.475,9.419,9.972,-63.6425,32.9465,0.2,0.0,0.0,0.0,-1.5786,-1.364,-1.26,2.4372,-0.3741,0,0,0,0.67,0.328,0.672,0,0,0.0,1,SEARCH_PHASE,-1.5563,-1.3651,7.1271,6.1582
211,0.79,-56.5466,39.0775,3.4489,-1.5572,-1.3632,-1.3206,3.449,9.378,9.925,-63.6425,32.9465,0.2,0.0,0.0,0.0,-1.5783,-1.3622,-1.212,2.4115,-0.3939,0,0,0,0.675,0.33,0.67,0,0,0.0,1,SEARCH_PHASE,-1.5572,-1.3632,7.0959,6.1309
212,0.794,-56.5778,39.0503,3.4234,-1.5598,-1.3601,-1.2758,3.423,9.336,9.877,-63.6425,32.9465,0.2,0.0,0.0,0.0,-1.5772,-1.3613,-1.164,2.3865,-0.3721,0,0,0,0.676,0.322,0.678,0,0,0.0,1,SEARCH_PHASE,-1.5598,-1.3601,7.0647,6.1037
213,0.798,-56.6089,39.0231,3.3988,-1.5597,-1.3577,-1.2299,3.399,9.295,9.83,-63.6425,32.9465,0.2,0.0,0.0,0.0,-1.5804,-1.3554,-1.116,2.3623,-0.393,0,0,0,0.681,0.329,0.671,0,0,0.0,1,SEARCH_PHASE,-1.5597,-1.3577,7.0335,6.0766
214,0.803,-56.6402,38.996,3.3751,-1.561,-1.3543,-1.1839,3.375,9.254,9.783,-63.6425,32.9465,0.2,0.0,0.0,0.0,-1.5793,-1.3545,-1.068,2.3387,-0.3718,0,0,0,0.682,0.337,0.663,0,0,0.0,1,SEARCH_PHASE,-1.561,-1.3543,7.0023,6.0495
215,0.807,-56.6713,38.969,3.3524,-1.559,-1.3521,-1.1367,3.352,9.212,9.737,-63.6425,32.9465,0.2,0.0,0.0,0.0,-1.5859,-1.3446,-1.02,2.3159,-0.3966,0,0,0,0.688,0.341,0.659,0,0,0.0,1,SEARCH_PHASE,-1.559,-1.3521,6.9711,6.0224
216,0.812,-56.7025,38.942,3.3306,-1.5581,-1.3491,-1.0895,3.331,9.171,9.691,-63.6425,32.9465,0.2,0.0,0.0,0.0,-1.5855,-1.3429,-0.972,2.2939,-0.3761,0,0,0,0.689,0.337,0.663,0,0,0.0,1,SEARCH_PHASE,-1.5581,-1.3491,6.94,5.9955
217,0.816,-56.7336,38.915,3.3098,-1.554,-1.3474,-1.0423,3.31,9.13,9.645,-63.6425,32.9465,0.2,0.0,0.0,0.0,-1.5874,-1.3384,-0.924,2.2727,-0.385,0,0,0,0.691,0.344,0.656,0,0,0.0,1,SEARCH_PHASE,-1.554,-1.3474,6.9089,5.9685
218,0.82,-56.7646,38.8881,3.2899,-1.5506,-1.3454,-0.9947,3.29,9.089,9.6,-63.6425,32.9465,0.2,0.0,0.0,0.0,-1.5811,-1.3437,-0.876,2.2523,-0.3642,0,0,0,0.688,0.336,0.664,0,0,0.0,1,SEARCH_PHASE,-1.5506,-1.3454,6.8779,5.9416
219,0.825,-56.7955,38.8613,3.2709,-1.5467,-1.3435,-0.9471,3.271,9.048,9.555,-63.6425,32.9465,0.2,0.0,0.0,0.0,-1.5839,-1.3381,-0.828,2.2327,-0.3889,0,0,0,0.691,0.344,0.656,0,0,0.0,1,SEARCH_PHASE,-1.5467,-1.3435,6.847,5.9147
220,0.829,-56.8265,38.8345,3.2529,-1.5464,-1.3398,-0.8995,3.253,9.007,9.51,-63.6425,32.9465,0.2,0.0,0.0,0.0,-1.5784,-1.3425,-0.78,2.2141,-0.3688,0,0,0,0.689,0.341,0.659,0,0,0.0,1,SEARCH_PHASE,-1.5464,-1.3398,6.816,5.8879
221,0.833,-56.8574,38.8077,3.2359,-1.5452,-1.3366,-0.8518,3.236,8.966,9.466,-63.6425,32.9465,0.2,0.0,0.0,0.0,-1.5823,-1.3358,-0.732,2.1963,-0.393,0,0,0,0.693,0.343,0.657,0,0,0.0,1,SEARCH_PHASE,-1.5452,-1.3366,6.7851,5.8612
222,0.838,-56.8883,38.7811,3.2198,-1.5471,-1.3319,-0.8042,3.22,8.925,9.422,-63.6425,32.9465,0.2,0.0,0.0,0.0,-1.5775,-1.3392,-0.684,2.1794,-0.3736,0,0,0,0.691,0.341,0.659,0,0,0.0,1,SEARCH_PHASE,-1.5471,-1.3319,6.7542,5.8346
223,0.842,-56.9193,38.7545,3.2047,-1.5476,-1.3281,-0.7566,3.205,8.885,9.379,-63.6425,32.9465,0.2,0.0,0.0,0.0,-1.583,-1.3306,-0.636,2.1635,-0.3974,0,0,0,0.695,0.345,0.655,0,0,0.0,1,SEARCH_PHASE,-1.5476,-1.3281,6.7232,5.808
224,0.846,-56.9503,38.7281,3.1905,-1.5509,-1.3231,-0.7091,3.19,8.844,9.336,-63.6425,32.9465,0.2,0.0,0.0,0.0,-1.579,-1.3331,-0.588,2.1485,-0.3785,0,0,0,0.694,0.344,0.656,0,0,0.0,1,SEARCH_PHASE,-1.5509,-1.3231,6.6922,5.7815
225,0.851,-56.9813,38.7017,3.1773,-1.5524,-1.3191,-0.6615,3.177,8.803,9.293,-63.6425,32.9465,0.2,0.0,0.0,0.0,-1.5862,-1.3223,-0.54,2.1345,-0.4021,0,0,0,0.698,0.346,0.654,0,0,0.0,1,SEARCH_PHASE,-1.5524,-1.3191,6.6612,5.7552
226,0.855,-57.0125,38.6754,3.165,-1.5563,-1.3144,-0.6139,3.165,8.762,9.25,-63.6425,32.9465,0.2,0.0,0.0,0.0,-1.5833,-1.3236,-0.492,2.1215,-0.3837,0,0,0,0.698,0.347,0.653,0,0,0.0,1,SEARCH_PHASE,-1.5563,-1.3144,6.63,5.7289
227,0.859,-57.0436,38.6492,3.1537,-1.5579,-1.311,-0.5662,3.154,8.722,9.208,-63.6425,32.9465,0.2,0.0,0.0,0.0,-1.5929,-1.3099,-0.444,2.1096,-0.407,0,0,0,0.702,0.353,0.647,0,0,0.0,1,SEARCH_PHASE,-1.5579,-1.311,6.5989,5.7027
228,0.864,-57.0748,38.623,3.1433,-1.5614,-1.3071,-0.5186,3.143,8.681,9.166,-63.6425,32.9465,0.2,0.0,0.0,0.0,-1.5908,-1.3103,-0.396,2.0986,-0.389,0,0,0,0.702,0.351,0.649,0,0,0.0,1,SEARCH_PHASE,-1.5614,-1.3071,6.5677,5.6765
229,0.868,-57.1061,38.5969,3.1339,-1.5621,-1.3048,-0.4716,3.134,8.64,9.125,-63.6425,32.9465,0.2,0.0,0.0,0.0,-1.6031,-1.2929,-0.348,2.0887,-0.4054,0,0,0,0.707,0.354,0.646,0,0,0.0,1,SEARCH_PHASE,-1.5621,-1.3048,6.5364,5.6504
230,0.872,-57.1374,38.5709,3.1254,-1.5644,-1.3024,-0.4236,3.125,8.599,9.083,-63.6425,32.9465,0.2,0.0,0.0,0.0,-1.601,-1.2933,-0.3,2.0799,-0.3821,0,0,0,0.707,0.353,0.647,0,0,0.0,1,SEARCH_PHASE,-1.5644,-1.3024,6.5051,5.6244
231,0.877,-57.1686,38.5449,3.1179,-1.5639,-1.3016,-0.3759,3.118,8.559,9.042,-63.6425,32.9465,0.2,0.0,0.0,0.0,-1.6001,-1.2921,-0.252,2.0721,-0.3725,0,0,0,0.707,0.353,0.647,0,0,0.0,1,SEARCH_PHASE,-1.5639,-1.3016,6.4738,5.5983
232,0.881,-57.1999,38.5189,3.1113,-1.5647,-1.3006,-0.3283,3.111,8.518,9.002,-63.6425,32.9465,0.2,0.0,0.0,0.0,-1.5931,-1.2986,-0.204,2.0654,-0.3751,0,0,0,0.705,0.348,0.652,0,0,0.0,1,SEARCH_PHASE,-1.5647,-1.3006,6.4425,5.5723
233,0.885,-57.2312,38.4929,3.1057,-1.5635,-1.2986,-0.2804,3.106,8.477,8.962,-63.6425,32.9465,0.2,0.0,0.0,0.0,-1.6011,-1.2865,-0.156,2.0598,-0.3933,0,0,0,0.708,0.355,0.645,0,0,0.0,1,SEARCH_PHASE,-1.5635,-1.2986,6.4113,5.5464
234,0.89,-57.2625,38.467,3.101,-1.564,-1.2956,-0.2333,3.101,8.437,8.922,-63.6425,32.9465,0.2,0.0,0.0,0.0,-1.5922,-1.2952,-0.108,2.0554,-0.3721,0,0,0,0.706,0.349,0.651,0,0,0.0,1,SEARCH_PHASE,-1.564,-1.2956,6.38,5.5204
235,0.894,-57.2937,38.4411,3.0973,-1.5621,-1.2934,-0.1853,3.097,8.396,8.882,-63.6425,32.9465,0.2,0.0,0.0,0.0,-1.6016,-1.2813,-0.06,2.052,-0.3967,0,0,0,0.709,0.356,0.644,0,0,0.0,1,SEARCH_PHASE,-1.5621,-1.2934,6.3488,5.4946
236,0.898,-57.325,38.4153,3.0946,-1.5622,-1.2901,-0.1374,3.095,8.356,8.843,-63.6425,32.9465,0.2,0.0,0.0,0.0,-1.5938,-1.2889,-0.012,2.0498,-0.3774,0,0,0,0.708,0.352,0.648,0,0,0.0,1,SEARCH_PHASE,-1.5622,-1.2901,6.3175,5.4688
237,0.903,-57.3562,38.3895,3.0928,-1.5595,-1.2878,-0.0896,3.093,8.315,8.804,-63.6425,32.9465,0.2,0.0,0.0,0.0,-1.6069,-1.2702,0.036,2.0487,-0.4019,0,0,0,0.711,0.356,0.644,0,0,0.0,1,SEARCH_PHASE,-1.5595,-1.2878,6.2863,5.443
238,0.907,-57.3873,38.3639,3.092,-1.5584,-1.2847,-0.0418,3.092,8.275,8.766,-63.6425,32.9465,0.2,0.0,0.0,0.0,-1.5999,-1.2769,0.084,2.0487,-0.3829,0,0,0,0.71,0.353,0.647,0,0,0.0,1,SEARCH_PHASE,-1.5584,-1.2847,6.2552,5.4173
239,0.911,-57.4184,38.3382,3.0921,-1.5542,-1.2829,0.0055,3.092,8.235,8.728,-63.6425,32.9465,0.2,0.0,0.0,0.0,-1.6029,-1.2708,0.132,2.0498,-0.3978,0,0,0,0.711,0.356,0.644,0,0,0.0,1,SEARCH_PHASE,-1.5542,-1.2829,6.2241,5.3917
240,0.916,-57.4494,38.3126,3.0931,-1.551,-1.2806,0.0534,3.093,8.194,8.69,-63.6425,32.9465,0.2,0.0,0.0,0.0,-1.5866,-1.289,0.18,2.0521,-0.3781,0,0,0,0.707,0.35,0.65,0,0,0.0,1,SEARCH_PHASE,-1.551,-1.2806,6.1931,5.3661
241,0.92,-57.4804,38.287,3.0952,-1.5476,-1.2789,0.1012,3.095,8.154,8.653,-63.6425,32.9465,0.2,0.0,0.0,0.0,-1.5907,-1.2817,0.228,2.0555,-0.402,0,0,0,0.709,0.354,0.646,0,0,0.0,1,SEARCH_PHASE,-1.5476,-1.2789,6.1621,5.3405
242,0.924,-57.5114,38.2615,3.0981,-1.5481,-1.276,0.149,3.098,8.114,8.616,-63.6425,32.9465,0.2,0.0,0.0,0.0,-1.5788,-1.2941,0.276,2.06,-0.3826,0,0,0,0.705,0.35,0.65,0,0,0.0,1,SEARCH_PHASE,-1.5481,-1.276,6.1311,5.315
243,0.929,-57.5423,38.236,3.1021,-1.5479,-1.274,0.1963,3.102,8.074,8.58,-63.6425,32.9465,0.2,0.0,0.0,0.0,-1.5836,-1.2861,0.324,2.0656,-0.4038,0,0,0,0.707,0.354,0.646,0,0,0.0,1,SEARCH_PHASE,-1.5479,-1.274,6.1002,5.2895
244,0.933,-57.5733,38.2106,3.1069,-1.5509,-1.2711,0.2441,3.107,8.034,8.544,-63.6425,32.9465,0.2,0.0,0.0,0.0,-1.574,-1.2957,0.372,2.0723,-0.384,0,0,0,0.704,0.355,0.645,0,0,0.0,1,SEARCH_PHASE,-1.5509,-1.2711,6.0692,5.2641
245,0.938,-57.6044,38.1852,3.1128,-1.5525,-1.2692,0.2919,3.113,7.994,8.508,-63.6425,32.9465,0.2,0.0,0.0,0.0,-1.5805,-1.2855,0.42,2.0801,-0.4054,0,0,0,0.706,0.354,0.646,0,0,0.0,1,SEARCH_PHASE,-1.5525,-1.2692,6.0381,5.2387
246,0.942,-57.6355,38.1599,3.1196,-1.5571,-1.2666,0.3395,3.12,7.954,8.473,-63.6425,32.9465,0.2,0.0,0.0,0.0,-1.5727,-1.2929,0.468,2.089,-0.3859,0,0,0,0.704,0.356,0.644,0,0,0.0,1,SEARCH_PHASE,-1.5571,-1.2666,6.007,5.2133
247,0.946,-57.6667,38.1346,3.1273,-1.5599,-1.2653,0.3872,3.127,7.914,8.438,-63.6425,32.9465,0.2,0.0,0.0,0.0,-1.5818,-1.2796,0.516,2.0989,-0.4074,0,0,0,0.706,0.359,0.641,0,0,0.0,1,SEARCH_PHASE,-1.5599,-1.2653,5.9758,5.188
248,0.951,-57.698,38.1093,3.136,-1.5652,-1.2636,0.4348,3.136,7.873,8.403,-63.6425,32.9465,0.2,0.0,0.0,0.0,-1.575,-1.2858,0.564,2.1099,-0.3881,0,0,0,0.704,0.355,0.645,0,0,0.0,1,SEARCH_PHASE,-1.5652,-1.2636,5.9445,5.1628
249,0.955,-57.7294,38.084,3.1457,-1.5683,-1.2636,0.4824,3.146,7.833,8.369,-63.6425,32.9465,0.2,0.0,0.0,0.0,-1.5875,-1.268,0.612,2.1219,-0.4097,0,0,0,0.707,0.359,0.641,0,0,0.0,1,SEARCH_PHASE,-1.5683,-1.2636,5.9131,5.1375
250,0.959,-57.7609,38.0588,3.1563,-1.5735,-1.2634,0.53,3.156,7.793,8.335,-63.6425,32.9465,0.2,0.0,0.0,0.0,-1.5823,-1.2723,0.66,2.135,-0.3905,0,0,0,0.706,0.361,0.639,0,0,0.0,1,SEARCH_PHASE,-1.5735,-1.2634,5.8816,5.1122
251,0.964,-57.7924,38.0334,3.1678,-1.576,-1.2651,0.5773,3.168,7.752,8.301,-63.6425,32.9465,0.2,0.0,0.0,0.0,-1.5827,-1.2696,0.708,2.149,-0.3891,0,0,0,0.706,0.358,0.642,0,0,0.0,1,SEARCH_PHASE,-1.576,-1.2651,5.8501,5.0869
252,0.968,-57.824,38.0081,3.1803,-1.5801,-1.267,0.625,3.18,7.712,8.268,-63.6425,32.9465,0.2,0.0,0.0,0.0,-1.5665,-1.2874,0.756,2.164,-0.3686,0,0,0,0.701,0.345,0.655,0,0,0.0,1,SEARCH_PHASE,-1.5801,-1.267,5.8185,5.0616
253,0.972,-57.8556,37.9827,3.1938,-1.5821,-1.2688,0.6727,3.194,7.671,8.235,-63.6425,32.9465,0.2,0.0,0.0,0.0,-1.5682,-1.2831,0.804,2.1799,-0.39,0,0,0,0.701,0.344,0.656,0,0,0.0,1,SEARCH_PHASE,-1.5821,-1.2688,5.7869,5.0362
254,0.977,-57.8874,37.9574,3.2082,-1.5864,-1.2687,0.7204,3.208,7.631,8.202,-63.6425,32.9465,0.2,0.0,0.0,0.0,-1.5564,-1.2951,0.852,2.1968,-0.3695,0,0,0,0.697,0.35,0.65,0,0,0.0,1,SEARCH_PHASE,-1.5864,-1.2687,5.7551,5.0108
255,0.981,-57.9191,37.932,3.2235,-1.5882,-1.2688,0.768,3.224,7.59,8.17,-63.6425,32.9465,0.2,0.0,0.0,0.0,-1.5591,-1.2897,0.9,2.2145,-0.3914,0,0,0,0.698,0.346,0.654,0,0,0.0,1,SEARCH_PHASE,-1.5882,-1.2688,5.7234,4.9854
256,0.985,-57.9509,37.9066,3.2398,-1.5917,-1.2674,0.8158,3.24,7.55,8.139,-63.6425,32.9465,0.2,0.0,0.0,0.0,-1.5498,-1.2987,0.948,2.2332,-0.3707,0,0,0,0.694,0.342,0.658,0,0,0.0,1,SEARCH_PHASE,-1.5917,-1.2674,5.6915,4.9601
257,0.99,-57.9828,37.8813,3.2571,-1.5923,-1.2665,0.8634,3.257,7.509,8.107,-63.6425,32.9465,0.2,0.0,0.0,0.0,-1.5534,-1.2923,0.996,2.2528,-0.3931,0,0,0,0.695,0.344,0.656,0,0,0.0,1,SEARCH_PHASE,-1.5923,-1.2665,5.6597,4.9348
258,0.995,-58.0147,37.856,3.2753,-1.5942,-1.2643,0.9112,3.275,7.468,8.077,-63.6425,32.9465,0.2,0.0,0.0,0.0,-1.5452,-1.2998,1.044,2.2731,-0.3721,0,0,1,0.692,0.345,0.655,0,0,0.0,1,ACQUISITION_ASSIST,-1.5942,-1.2643,5.6278,4.9095
259,1.0,-58.0465,37.8308,3.2913,-1.591,-1.2617,0.7963,3.291,7.428,8.045,-63.6425,32.9465,0.2,0.0,0.0,0.0,-1.5337,-1.3112,1.092,2.2944,-0.3689,0,0,1,0.688,0.34,0.66,0,0,0.0,1,ACQUISITION_ASSIST,-1.591,-1.2617,5.596,4.8843
260,1.004,-58.0783,37.8056,3.3049,-1.5881,-1.2589,0.6817,3.305,7.387,8.013,-63.6425,32.9465,0.2,0.0,0.0,0.0,-1.5249,-1.3193,1.14,2.3164,-0.3656,0,0,1,0.685,0.331,0.669,0,0,0.0,1,ACQUISITION_ASSIST,-1.5881,-1.2589,5.5642,4.8591
261,1.009,-58.11,37.7805,3.3162,-1.5857,-1.2557,0.5674,3.316,7.347,7.98,-63.6425,32.9465,0.2,0.0,0.0,0.0,-1.5188,-1.3243,1.188,2.3392,-0.3623,0,0,1,0.682,0.326,0.674,0,0,0.0,1,ACQUISITION_ASSIST,-1.5857,-1.2557,5.5325,4.834
262,1.013,-58.1416,37.7554,3.3253,-1.5836,-1.2523,0.4534,3.325,7.306,7.947,-63.6425,32.9465,0.2,0.0,0.0,0.0,-1.516,-1.3253,1.236,2.3627,-0.359,0,0,1,0.679,0.324,0.676,0,0,0.0,1,ACQUISITION_ASSIST,-1.5836,-1.2523,5.5008,4.8089
263,1.017,-58.1733,37.7305,3.3321,-1.5818,-1.2486,0.3397,3.332,7.266,7.913,-63.6425,32.9465,0.2,0.0,0.0,0.0,-1.5146,-1.3248,1.284,2.387,-0.3557,0,0,1,0.677,0.322,0.678,0,0,0.0,1,ACQUISITION_ASSIST,-1.5818,-1.2486,5.4692,4.7839
264,1.021,-58.2049,37.7056,3.3366,-1.5803,-1.2445,0.2263,3.337,7.226,7.877,-63.6425,32.9465,0.2,0.0,0.0,0.0,-1.5132,-1.3244,1.332,2.412,-0.3524,0,0,1,0.675,0.318,0.682,0,0,0.0,1,ACQUISITION_ASSIST,-1.5803,-1.2445,5.4376,4.7591
265,1.026,-58.2365,37.6808,3.3389,-1.5792,-1.2401,0.1132,3.339,7.186,7.842,-63.6425,32.9465,0.2,0.0,0.0,0.0,-1.5118,-1.3239,1.38,2.4377,-0.3491,0,0,1,0.672,0.317,0.683,0,0,0.0,1,ACQUISITION_ASSIST,-1.5792,-1.2401,5.406,4.7342
266,1.03,-58.268,37.6561,3.3389,-1.5783,-1.2354,0.0003,3.339,7.146,7.805,-63.6425,32.9465,0.2,0.0,0.0,0.0,-1.5103,-1.3235,1.428,2.4641,-0.3458,0,0,1,0.67,0.32,0.68,0,0,0.0,1,ACQUISITION_ASSIST,-1.5783,-1.2354,5.3745,4.7095
267,1.034,-58.2996,37.6315,3.3367,-1.5778,-1.2304,-0.1124,3.337,7.106,7.767,-63.6425,32.9465,0.2,0.0,0.0,0.0,-1.5089,-1.323,1.476,2.4911,-0.3425,0,0,1,0.669,0.316,0.684,0,0,0.0,1,ACQUISITION_ASSIST,-1.5778,-1.2304,5.3429,4.6849
268,1.039,-58.3312,37.607,3.3327,-1.5785,-1.2242,-0.1994,3.333,7.066,7.729,-63.6425,32.9465,0.2,0.0,0.0,0.0,-1.5074,-1.3227,1.524,2.5188,-0.3238,0,0,1,0.664,0.334,0.666,0,0,0.0,1,ACQUISITION_ASSIST,-1.5785,-1.2242,5.3113,4.6604
269,1.043,-58.3628,37.5826,3.3276,-1.581,-1.2166,-0.2556,3.328,7.026,7.691,-63.6425,32.9465,0.2,0.0,0.0,0.0,-1.5059,-1.3223,1.572,2.547,-0.2973,0,0,1,0.655,0.318,0.682,0,0,0.0,1,ACQUISITION_ASSIST,-1.581,-1.2166,5.2797,4.6361
270,1.047,-58.3945,37.5585,3.3218,-1.5842,-1.2064,-0.289,3.322,6.987,7.652,-63.6425,32.9465,0.2,0.0,0.0,0.0,-1.5043,-1.322,1.62,2.5759,-0.324,0,0,1,0.651,0.316,0.684,0,0,0.0,1,ACQUISITION_ASSIST,-1.5842,-1.2064,5.248,4.612
271,1.052,-58.4262,37.5347,3.3156,-1.5867,-1.1913,-0.3077,3.316,6.947,7.614,-63.6425,32.9465,0.2,0.0,0.0,0.0,-1.5027,-1.3218,1.668,2.6053,-0.3482,0,0,1,0.654,0.317,0.683,0,0,0.0,1,ACQUISITION_ASSIST,-1.5867,-1.1913,5.2163,4.5882
272,1.056,-58.4579,37.5112,3.3093,-1.5855,-1.1726,-0.3159,3.309,6.908,7.575,-63.6425,32.9465,0.2,0.0,0.0,0.0,-1.5011,-1.3216,1.7,2.6248,-0.3192,0,0,1,0.652,0.317,0.683,0,0,0.0,1,ACQUISITION_ASSIST,-1.5855,-1.1726,5.1846,4.5647
273,1.061,-58.4895,37.4882,3.303,-1.5774,-1.1516,-0.3161,3.303,6.869,7.537,-63.6425,32.9465,0.2,0.0,0.0,0.0,-1.4994,-1.3215,1.7,2.6238,-0.3387,0,0,1,0.659,0.311,0.689,0,0,0.0,1,ACQUISITION_ASSIST,-1.5774,-1.1516,5.153,4.5417
274,1.065,-58.5207,37.4657,3.2967,-1.5607,-1.1254,-0.3125,3.297,6.831,7.5,-63.6425,32.9465,0.2,0.0,0.0,0.0,-1.4977,-1.3214,1.7,2.6228,-0.3471,0,0,1,0.663,0.312,0.688,0,0,0.0,1,ACQUISITION_ASSIST,-1.5607,-1.1254,5.1218,4.5192
275,1.07,-58.5513,37.4438,3.2906,-1.5324,-1.0956,-0.309,3.291,6.793,7.463,-63.6425,32.9465,0.2,0.0,0.0,0.0,-1.4959,-1.3214,1.7,2.6218,-0.386,0,0,1,0.673,0.322,0.678,0,0,0.0,1,ACQUISITION_ASSIST,-1.5324,-1.0956,5.0912,4.4973
276,1.074,-58.5812,37.4226,3.2844,-1.4957,-1.062,-0.3079,3.284,6.757,7.427,-63.6425,32.9465,0.2,0.0,0.0,0.0,-1.4942,-1.3215,1.7,2.6209,-0.3382,0,0,1,0.676,0.315,0.685,0,0,0.0,1,ACQUISITION_ASSIST,-1.4957,-1.062,5.0613,4.476
277,1.079,-58.6103,37.402,3.2782,-1.4524,-1.0281,-0.3083,3.278,6.721,7.393,-63.6425,32.9465,0.2,0.0,0.0,0.0,-1.4926,-1.3215,1.7,2.62,-0.3832,0,0,1,0.685,0.321,0.679,0,0,0.0,1,ACQUISITION_ASSIST,-1.4524,-1.0281,5.0322,4.4555
278,1.084,-58.6383,37.3822,3.272,-1.4012,-0.9907,-0.3124,3.272,6.687,7.359,-63.6425,32.9465,0.2,0.0,0.0,0.0,-1.491,-1.3216,1.7,2.6191,-0.3625,0,0,1,0.687,0.326,0.674,0,0,0.0,1,ACQUISITION_ASSIST,-1.4012,-0.9907,5.0042,4.4356
279,1.088,-58.6652,37.3631,3.2656,-1.3437,-0.9528,-0.3197,3.266,6.654,7.327,-63.6425,32.9465,0.2,0.0,0.0,0.0,-1.4894,-1.3216,1.7,2.6182,-0.4093,0,0,1,0.693,0.325,0.675,0,0,0.0,1,ACQUISITION_ASSIST,-1.3437,-0.9528,4.9773,4.4166
280,1.093,-58.6908,37.3448,3.259,-1.283,-0.9134,-0.3294,3.259,6.623,7.295,-63.6425,32.9465,0.2,0.0,0.0,0.0,-1.4879,-1.3217,1.7,2.6174,-0.3923,0,0,1,0.693,0.326,0.674,0,0,0.0,1,ACQUISITION_ASSIST,-1.283,-0.9134,4.9516,4.3983
281,1.097,-58.7152,37.3273,3.2522,-1.2202,-0.8753,-0.3406,3.252,6.593,7.265,-63.6425,32.9465,0.2,0.0,0.0,0.0,-1.4865,-1.3217,1.7,2.6166,-0.426,0,0,1,0.696,0.33,0.67,0,0,0.0,1,ACQUISITION_ASSIST,-1.2202,-0.8753,4.9272,4.3808
282,1.102,-58.7384,37.3106,3.2452,-1.1578,-0.8376,-0.3514,3.245,6.565,7.237,-63.6425,32.9465,0.2,0.0,0.0,0.0,-1.4852,-1.3217,1.7,2.6159,-0.4144,0,0,1,0.7,0.329,0.671,0,0,0.0,1,ACQUISITION_ASSIST,-1.1578,-0.8376,4.9041,4.3641
283,1.107,-58.7603,37.2945,3.238,-1.0968,-0.8035,-0.3604,3.238,6.538,7.209,-63.6425,32.9465,0.2,0.0,0.0,0.0,-1.484,-1.3217,1.7,2.6152,-0.4193,0,0,1,0.702,0.332,0.668,0,0,0.0,1,ACQUISITION_ASSIST,-1.0968,-0.8035,4.8822,4.348
284,1.111,-58.7811,37.2791,3.2306,-1.0359,-0.7723,-0.3684,3.231,6.512,7.183,-63.6425,32.9465,0.2,0.0,0.0,0.0,-1.4829,-1.3216,1.7,2.6145,-0.4329,0,0,1,0.704,0.341,0.659,0,0,0.0,1,ACQUISITION_ASSIST,-1.0359,-0.7723,4.8614,4.3325
285,1.116,-58.8006,37.2642,3.2231,-0.977,-0.7447,-0.3736,3.223,6.487,7.157,-63.6425,32.9465,0.2,0.0,0.0,0.0,-1.4819,-1.3214,1.7,2.6139,-0.3839,0,0,1,0.703,0.344,0.656,0,0,0.0,1,ACQUISITION_ASSIST,-0.977,-0.7447,4.8419,4.3176
286,1.121,-58.819,37.2497,3.2156,-0.9227,-0.7219,-0.3765,3.216,6.464,7.133,-63.6425,32.9465,0.2,0.0,0.0,0.0,-1.481,-1.3213,1.7,2.6132,-0.4277,0,0,1,0.706,0.346,0.654,0,0,0.0,1,ACQUISITION_ASSIST,-0.9227,-0.7219,4.8234,4.3032
287,1.125,-58.8365,37.2357,3.208,-0.8716,-0.7006,-0.378,3.208,6.442,7.109,-63.6425,32.9465,0.2,0.0,0.0,0.0,-1.4802,-1.321,1.7,2.6127,-0.3963,0,0,1,0.704,0.342,0.658,0,0,0.0,1,ACQUISITION_ASSIST,-0.8716,-0.7006,4.806,4.2892
288,1.13,-58.853,37.2221,3.2005,-0.8251,-0.6838,-0.3773,3.2,6.42,7.087,-63.6425,32.9465,0.2,0.0,0.0,0.0,-1.4795,-1.3207,1.7,2.6121,-0.4239,0,0,1,0.708,0.351,0.649,0,0,0.0,1,ACQUISITION_ASSIST,-0.8251,-0.6838,4.7895,4.2755
289,1.134,-58.8687,37.2087,3.193,-0.7862,-0.6698,-0.3749,3.193,6.4,7.065,-63.6425,32.9465,0.2,0.0,0.0,0.0,-1.4788,-1.3203,1.7,2.6116,-0.3956,0,0,1,0.707,0.354,0.646,0,0,0.0,1,ACQUISITION_ASSIST,-0.7862,-0.6698,4.7738,4.2621
290,1.139,-58.8837,37.1955,3.1856,-0.7514,-0.6603,-0.3714,3.186,6.38,7.044,-63.6425,32.9465,0.2,0.0,0.0,0.0,-1.4783,-1.3199,1.7,2.611,-0.4225,0,0,1,0.712,0.357,0.643,0,0,0.0,1,ACQUISITION_ASSIST,-0.7514,-0.6603,4.7588,4.2489
291,1.143,-58.8982,37.1824,3.1782,-0.7239,-0.6538,-0.3673,3.178,6.36,7.023,-63.6425,32.9465,0.2,0.0,0.0,0.0,-1.4778,-1.3194,1.7,2.6105,-0.3956,0,0,1,0.713,0.368,0.632,0,0,0.0,1,ACQUISITION_ASSIST,-0.7239,-0.6538,4.7443,4.2358
292,1.148,-58.9122,37.1693,3.1709,-0.7003,-0.652,-0.363,3.171,6.341,7.002,-63.6425,32.9465,0.2,0.0,0.0,0.0,-1.4774,-1.3189,1.7,2.61,-0.3987,0,0,1,0.716,0.365,0.635,0,0,0.0,1,ACQUISITION_ASSIST,-0.7003,-0.652,4.7303,4.2228
293,1.152,-58.9259,37.1563,3.1638,-0.6838,-0.6533,-0.3592,3.164,6.322,6.982,-63.6425,32.9465,0.2,0.0,0.0,0.0,-1.4771,-1.3183,1.7,2.6095,-0.3831,0,0,1,0.715,0.37,0.63,0,0,0.0,1,ACQUISITION_ASSIST,-0.6838,-0.6533,4.7166,4.2097
294,1.156,-58.9393,37.1431,3.1567,-0.6715,-0.6575,-0.3552,3.157,6.303,6.962,-63.6425,32.9465,0.2,0.0,0.0,0.0,-1.4768,-1.3177,1.7,2.609,-0.41,0,0,1,0.718,0.368,0.632,0,0,0.0,1,ACQUISITION_ASSIST,-0.6715,-0.6575,4.7032,4.1966
295,1.161,-58.9527,37.1299,3.1496,-0.6666,-0.663,-0.3511,3.15,6.284,6.942,-63.6425,32.9465,0.2,0.0,0.0,0.0,-1.4765,-1.317,1.7,2.6086,-0.3773,0,0,1,0.717,0.372,0.628,0,0,0.0,1,ACQUISITION_ASSIST,-0.6666,-0.663,4.6898,4.1833
296,1.165,-58.966,37.1164,3.1427,-0.6658,-0.6717,-0.348,3.143,6.266,6.922,-63.6425,32.9465,0.2,0.0,0.0,0.0,-1.4762,-1.3163,1.7,2.6081,-0.4153,0,0,1,0.721,0.367,0.633,0,0,0.0,1,ACQUISITION_ASSIST,-0.6658,-0.6717,4.6765,4.1699
297,1.17,-58.9794,37.1028,3.1358,-0.6691,-0.6807,-0.3453,3.136,6.247,6.902,-63.6425,32.9465,0.2,0.0,0.0,0.0,-1.476,-1.3156,1.7,2.6076,-0.3757,0,0,1,0.72,0.371,0.629,0,0,0.0,1,ACQUISITION_ASSIST,-0.6691,-0.6807,4.6631,4.1563
298,1.174,-58.9929,37.089,3.1289,-0.6767,-0.6929,-0.3438,3.129,6.227,6.882,-63.6425,32.9465,0.2,0.0,0.0,0.0,-1.4758,-1.3148,1.7,2.6071,-0.4127,0,0,1,0.722,0.359,0.641,0,0,0.0,1,ACQUISITION_ASSIST,-0.6767,-0.6929,4.6496,4.1424
299,1.178,-59.0066,37.0749,3.122,-0.6871,-0.7048,-0.3427,3.122,6.208,6.861,-63.6425,32.9465,0.2,0.0,0.0,0.0,-1.4756,-1.3141,1.7,2.6066,-0.374,0,0,1,0.721,0.357,0.643,0,0,0.0,1,ACQUISITION_ASSIST,-0.6871,-0.7048,4.6359,4.1283
300,1.183,-59.0207,37.0605,3.1152,-0.7013,-0.7193,-0.3427,3.115,6.188,6.84,-63.6425,32.9465,0.2,0.0,0.0,0.0,-1.4754,-1.3133,1.7,2.606,-0.4007,0,0,1,0.723,0.36,0.64,0,0,0.0,1,ACQUISITION_ASSIST,-0.7013,-0.7193,4.6218,4.1139
301,1.187,-59.035,37.0458,3.1083,-0.7177,-0.7329,-0.3432,3.108,6.167,6.818,-63.6425,32.9465,0.2,0.0,0.0,0.0,-1.4752,-1.3125,1.7,2.6055,-0.3794,0,0,1,0.721,0.362,0.638,0,0,0.0,1,ACQUISITION_ASSIST,-0.7177,-0.7329,4.6075,4.0993
302,1.192,-59.0497,37.0309,3.1014,-0.7346,-0.7478,-0.3445,3.101,6.146,6.797,-63.6425,32.9465,0.2,0.0,0.0,0.0,-1.4749,-1.3116,1.7,2.605,-0.3838,0,0,1,0.722,0.362,0.638,0,0,0.0,1,ACQUISITION_ASSIST,-0.7346,-0.7478,4.5928,4.0843
303,1.196,-59.0648,37.0156,3.0945,-0.7534,-0.7619,-0.3452,3.095,6.125,6.774,-63.6425,32.9465,0.2,0.0,0.0,0.0,-1.4747,-1.3108,1.7,2.6044,-0.3682,0,0,1,0.719,0.354,0.646,0,0,0.0,1,ACQUISITION_ASSIST,-0.7534,-0.7619,4.5777,4.0691
304,1.201,-59.0802,37.0001,3.0876,-0.7712,-0.7756,-0.3458,3.088,6.103,6.752,-63.6425,32.9465,0.2,0.0,0.0,0.0,-1.4744,-1.31,1.7,2.6038,-0.3843,0,0,1,0.72,0.353,0.647,0,0,0.0,1,ACQUISITION_ASSIST,-0.7712,-0.7756,4.5623,4.0536
305,1.205,-59.096,36.9844,3.0807,-0.7912,-0.7875,-0.3467,3.081,6.081,6.729,-63.6425,32.9465,0.2,0.0,0.0,0.0,-1.4741,-1.3092,1.7,2.6032,-0.3661,0,0,1,0.718,0.361,0.639,0,0,0.0,1,ACQUISITION_ASSIST,-0.7912,-0.7875,4.5465,4.0378
306,1.21,-59.1122,36.9684,3.0737,-0.8099,-0.7992,-0.3475,3.074,6.058,6.705,-63.6425,32.9465,0.2,0.0,0.0,0.0,-1.4738,-1.3084,1.7,2.6027,-0.3825,0,0,1,0.719,0.36,0.64,0,0,0.0,1,ACQUISITION_ASSIST,-0.8099,-0.7992,4.5303,4.0218
307,1.214,-59.1288,36.9522,3.0668,-0.8299,-0.8091,-0.3485,3.067,6.035,6.681,-63.6425,32.9465,0.2,0.0,0.0,0.0,-1.4734,-1.3076,1.7,2.6021,-0.3654,0,0,1,0.717,0.367,0.633,0,0,0.0,1,ACQUISITION_ASSIST,-0.8299,-0.8091,4.5137,4.0057
308,1.218,-59.1458,36.9358,3.0598,-0.8478,-0.8189,-0.349,3.06,6.011,6.657,-63.6425,32.9465,0.2,0.0,0.0,0.0,-1.473,-1.3068,1.7,2.6014,-0.3829,0,0,1,0.718,0.368,0.632,0,0,0.0,1,ACQUISITION_ASSIST,-0.8478,-0.8189,4.4967,3.9893
309,1.223,-59.1631,36.9193,3.0528,-0.8663,-0.827,-0.3495,3.053,5.987,6.632,-63.6425,32.9465,0.2,0.0,0.0,0.0,-1.4726,-1.306,1.7,2.6008,-0.3669,0,0,1,0.716,0.364,0.636,0,0,0.0,1,ACQUISITION_ASSIST,-0.8663,-0.827,4.4794,3.9727
310,1.227,-59.1807,36.9026,3.0458,-0.8821,-0.835,-0.3499,3.046,5.963,6.607,-63.6425,32.9465,0.2,0.0,0.0,0.0,-1.4721,-1.3053,1.7,2.6002,-0.3724,0,0,1,0.717,0.362,0.638,0,0,0.0,1,ACQUISITION_ASSIST,-0.8821,-0.835,4.4618,3.956
311,1.232,-59.1987,36.8857,3.0388,-0.8979,-0.8414,-0.3506,3.039,5.938,6.582,-63.6425,32.9465,0.2,0.0,0.0,0.0,-1.4717,-1.3046,1.7,2.5995,-0.3573,0,0,1,0.713,0.357,0.643,0,0,0.0,1,ACQUISITION_ASSIST,-0.8979,-0.8414,4.4438,3.9392
312,1.236,-59.2169,36.8688,3.0318,-0.911,-0.8469,-0.3501,3.032,5.914,6.557,-63.6425,32.9465,0.2,0.0,0.0,0.0,-1.4711,-1.3038,1.7,2.5989,-0.3792,0,0,1,0.713,0.354,0.646,0,0,0.0,1,ACQUISITION_ASSIST,-0.911,-0.8469,4.4256,3.9223
313,1.24,-59.2354,36.8518,3.0248,-0.9244,-0.8499,-0.3497,3.025,5.888,6.531,-63.6425,32.9465,0.2,0.0,0.0,0.0,-1.4706,-1.3032,1.7,2.5982,-0.3683,0,0,1,0.71,0.354,0.646,0,0,0.0,1,ACQUISITION_ASSIST,-0.9244,-0.8499,4.4071,3.9053
314,1.245,-59.2541,36.8348,3.0178,-0.9348,-0.852,-0.3499,3.018,5.863,6.505,-63.6425,32.9465,0.2,0.0,0.0,0.0,-1.47,-1.3025,1.7,2.5976,-0.3851,0,0,1,0.711,0.353,0.647,0,0,0.0,1,ACQUISITION_ASSIST,-0.9348,-0.852,4.3884,3.8882
315,1.249,-59.273,36.8177,3.0108,-0.9454,-0.8519,-0.3491,3.011,5.838,6.479,-63.6425,32.9465,0.2,0.0,0.0,0.0,-1.4694,-1.3019,1.7,2.5969,-0.3682,0,0,1,0.708,0.351,0.649,0,0,0.0,1,ACQUISITION_ASSIST,-0.9454,-0.8519,4.3695,3.8712
316,1.254,-59.2921,36.8007,3.0038,-0.9529,-0.8509,-0.3485,3.004,5.812,6.453,-63.6425,32.9465,0.2,0.0,0.0,0.0,-1.4688,-1.3012,1.7,2.5963,-0.3846,0,0,1,0.71,0.355,0.645,0,0,0.0,1,ACQUISITION_ASSIST,-0.9529,-0.8509,4.3504,3.8542
317,1.258,-59.3113,36.7838,2.9969,-0.9603,-0.8478,-0.3478,2.997,5.787,6.427,-63.6425,32.9465,0.2,0.0,0.0,0.0,-1.4681,-1.3007,1.7,2.5956,-0.367,0,0,1,0.708,0.354,0.646,0,0,0.0,1,ACQUISITION_ASSIST,-0.9603,-0.8478,4.3312,3.8372
318,1.262,-59.3306,36.7669,2.9899,-0.9643,-0.8442,-0.3472,2.99,5.761,6.401,-63.6425,32.9465,0.2,0.0,0.0,0.0,-1.4674,-1.3001,1.7,2.5949,-0.3846,0,0,1,0.711,0.352,0.648,0,0,0.0,1,ACQUISITION_ASSIST,-0.9643,-0.8442,4.3119,3.8203
319,1.267,-59.3499,36.7501,2.983,-0.9679,-0.8387,-0.3468,2.983,5.735,6.375,-63.6425,32.9465,0.2,0.0,0.0,0.0,-1.4667,-1.2996,1.7,2.5943,-0.3663,0,0,1,0.709,0.351,0.649,0,0,0.0,1,ACQUISITION_ASSIST,-0.9679,-0.8387,4.2926,3.8036
320,1.271,-59.3693,36.7334,2.9761,-0.9677,-0.8328,-0.3465,2.976,5.71,6.349,-63.6425,32.9465,0.2,0.0,0.0,0.0,-1.466,-1.2991,1.7,2.5936,-0.3911,0,0,1,0.712,0.355,0.645,0,0,0.0,1,ACQUISITION_ASSIST,-0.9677,-0.8328,4.2732,3.7869
321,1.276,-59.3886,36.7169,2.9691,-0.9667,-0.8254,-0.346,2.969,5.684,6.323,-63.6425,32.9465,0.2,0.0,0.0,0.0,-1.4652,-1.2987,1.7,2.5929,-0.372,0,0,1,0.711,0.355,0.645,0,0,0.0,1,ACQUISITION_ASSIST,-0.9667,-0.8254,4.2539,3.7704
322,1.28,-59.4079,36.7006,2.9622,-0.9631,-0.8184,-0.3458,2.962,5.659,6.297,-63.6425,32.9465,0.2,0.0,0.0,0.0,-1.4645,-1.2982,1.7,2.5923,-0.3922,0,0,1,0.715,0.356,0.644,0,0,0.0,1,ACQUISITION_ASSIST,-0.9631,-0.8184,4.2346,3.754
323,1.284,-59.4271,36.6844,2.9553,-0.9598,-0.8104,-0.3456,2.955,5.634,6.272,-63.6425,32.9465,0.2,0.0,0.0,0.0,-1.4636,-1.2978,1.7,2.5916,-0.3727,0,0,1,0.714,0.351,0.649,0,0,0.0,1,ACQUISITION_ASSIST,-0.9598,-0.8104,4.2154,3.7378
324,1.289,-59.4461,36.6683,2.9484,-0.9536,-0.8031,-0.3457,2.948,5.609,6.246,-63.6425,32.9465,0.2,0.0,0.0,0.0,-1.4655,-1.2944,1.7,2.591,-0.4001,0,0,1,0.718,0.36,0.64,0,0,0.0,1,ACQUISITION_ASSIST,-0.9536,-0.8031,4.1964,3.7218
325,1.293,-59.4651,36.6524,2.9415,-0.9473,-0.7951,-0.3457,2.941,5.584,6.221,-63.6425,32.9465,0.2,0.0,0.0,0.0,-1.464,-1.2948,1.7,2.5903,-0.3799,0,0,1,0.718,0.359,0.641,0,0,0.0,1,ACQUISITION_ASSIST,-0.9473,-0.7951,4.1774,3.7059
326,1.298,-59.4839,36.6366,2.9346,-0.9394,-0.7885,-0.3457,2.935,5.56,6.196,-63.6425,32.9465,0.2,0.0,0.0,0.0,-1.4704,-1.2862,1.7,2.5897,-0.4014,0,0,1,0.723,0.369,0.631,0,0,0.0,1,ACQUISITION_ASSIST,-0.9394,-0.7885,4.1586,3.6901
327,1.302,-59.5025,36.621,2.9277,-0.9329,-0.782,-0.3457,2.928,5.535,6.171,-63.6425,32.9465,0.2,0.0,0.0,0.0,-1.4695,-1.286,1.7,2.5891,-0.3811,0,0,1,0.723,0.365,0.635,0,0,0.0,1,ACQUISITION_ASSIST,-0.9329,-0.782,4.14,3.6745
328,1.307,-59.521,36.6054,2.9207,-0.9246,-0.7771,-0.3458,2.921,5.511,6.146,-63.6425,32.9465,0.2,0.0,0.0,0.0,-1.4803,-1.2723,1.7,2.5885,-0.4031,0,0,1,0.728,0.376,0.624,0,0,0.0,1,ACQUISITION_ASSIST,-0.9246,-0.7771,4.1215,3.6589
329,1.311,-59.5394,36.59,2.9138,-0.9173,-0.7725,-0.3458,2.914,5.487,6.122,-63.6425,32.9465,0.2,0.0,0.0,0.0,-1.4813,-1.2699,1.7,2.5878,-0.3826,0,0,1,0.729,0.377,0.623,0,0,0.0,1,ACQUISITION_ASSIST,-0.9173,-0.7725,4.1031,3.6435
330,1.315,-59.5575,36.5746,2.9069,-0.9077,-0.7697,-0.3462,2.907,5.464,6.097,-63.6425,32.9465,0.2,0.0,0.0,0.0,-1.4877,-1.2612,1.7,2.5872,-0.3943,0,0,1,0.731,0.382,0.618,0,0,0.0,1,ACQUISITION_ASSIST,-0.9077,-0.7697,4.085,3.6281
331,1.32,-59.5755,36.5592,2.9,-0.8989,-0.7675,-0.3463,2.9,5.44,6.073,-63.6425,32.9465,0.2,0.0,0.0,0.0,-1.4803,-1.2686,1.7,2.5866,-0.3676,0,0,1,0.73,0.377,0.623,0,0,0.0,1,ACQUISITION_ASSIST,-0.8989,-0.7675,4.067,3.6127
332,1.324,-59.5933,36.5439,2.8931,-0.8903,-0.7665,-0.3462,2.893,5.416,6.049,-63.6425,32.9465,0.2,0.0,0.0,0.0,-1.4887,-1.2575,1.7,2.586,-0.3902,0,0,1,0.732,0.383,0.617,0,0,0.0,1,ACQUISITION_ASSIST,-0.8903,-0.7665,4.0492,3.5974
333,1.329,-59.611,36.5286,2.8861,-0.8837,-0.7648,-0.3461,2.886,5.393,6.025,-63.6425,32.9465,0.2,0.0,0.0,0.0,-1.4835,-1.2623,1.7,2.5854,-0.3699,0,0,1,0.732,0.38,0.62,0,0,0.0,1,ACQUISITION_ASSIST,-0.8837,-0.7648,4.0315,3.5821
334,1.333,-59.6285,36.5133,2.8792,-0.8758,-0.7641,-0.3462,2.879,5.37,6.001,-63.6425,32.9465,0.2,0.0,0.0,0.0,-1.4936,-1.2492,1.7,2.5848,-0.3966,0,0,1,0.735,0.386,0.614,0,0,0.0,1,ACQUISITION_ASSIST,-0.8758,-0.7641,4.014,3.5668
335,1.338,-59.6459,36.4981,2.8723,-0.8696,-0.763,-0.3462,2.872,5.347,5.977,-63.6425,32.9465,0.2,0.0,0.0,0.0,-1.4899,-1.2523,1.7,2.5842,-0.3763,0,0,1,0.734,0.38,0.62,0,0,0.0,1,ACQUISITION_ASSIST,-0.8696,-0.763,3.9966,3.5515
336,1.342,-59.6631,36.4828,2.8654,-0.863,-0.7634,-0.346,2.865,5.324,5.954,-63.6425,32.9465,0.2,0.0,0.0,0.0,-1.5041,-1.2339,1.7,2.5836,-0.399,0,0,1,0.738,0.388,0.612,0,0,0.0,1,ACQUISITION_ASSIST,-0.863,-0.7634,3.9793,3.5363
337,1.346,-59.6803,36.4675,2.8584,-0.8588,-0.764,-0.3459,2.858,5.301,5.93,-63.6425,32.9465,0.2,0.0,0.0,0.0,-1.5031,-1.2339,1.7,2.583,-0.3792,0,0,1,0.738,0.387,0.613,0,0,0.0,1,ACQUISITION_ASSIST,-0.8588,-0.764,3.9622,3.521
338,1.351,-59.6974,36.4522,2.8515,-0.8539,-0.7663,-0.346,2.852,5.278,5.906,-63.6425,32.9465,0.2,0.0,0.0,0.0,-1.509,-1.2255,1.7,2.5824,-0.3814,0,0,1,0.739,0.389,0.611,0,0,0.0,1,ACQUISITION_ASSIST,-0.8539,-0.7663,3.9451,3.5057
339,1.356,-59.7144,36.4368,2.8446,-0.8512,-0.7689,-0.3466,2.845,5.255,5.883,-63.6425,32.9465,0.2,0.0,0.0,0.0,-1.4973,-1.2385,1.7,2.5818,-0.365,0,0,1,0.737,0.386,0.614,0,0,0.0,1,ACQUISITION_ASSIST,-0.8512,-0.7689,3.9281,3.4903
340,1.36,-59.7314,36.4214,2.8377,-0.848,-0.7719,-0.3462,2.838,5.232,5.859,-63.6425,32.9465,0.2,0.0,0.0,0.0,-1.5045,-1.2285,1.7,2.5812,-0.391,0,0,1,0.739,0.389,0.611,0,0,0.0,1,ACQUISITION_ASSIST,-0.848,-0.7719,3.9111,3.4749
341,1.365,-59.7483,36.4059,2.8308,-0.8475,-0.7737,-0.3459,2.831,5.209,5.835,-63.6425,32.9465,0.2,0.0,0.0,0.0,-1.4956,-1.2381,1.7,2.5806,-0.3767,0,0,1,0.737,0.383,0.617,0,0,0.0,1,ACQUISITION_ASSIST,-0.8475,-0.7737,3.8942,3.4594
342,1.369,-59.7653,36.3904,2.8238,-0.8463,-0.7761,-0.3463,2.824,5.186,5.812,-63.6425,32.9465,0.2,0.0,0.0,0.0,-1.5036,-1.2271,1.7,2.58,-0.3933,0,0,1,0.739,0.387,0.613,0,0,0.0,1,ACQUISITION_ASSIST,-0.8463,-0.7761,3.8772,3.4439
343,1.374,-59.7822,36.3748,2.8169,-0.8474,-0.7776,-0.346,2.817,5.163,5.788,-63.6425,32.9465,0.2,0.0,0.0,0.0,-1.4955,-1.2356,1.7,2.5794,-0.3732,0,0,1,0.737,0.386,0.614,0,0,0.0,1,ACQUISITION_ASSIST,-0.8474,-0.7776,3.8603,3.4283
344,1.378,-59.7992,36.3593,2.81,-0.8478,-0.7796,-0.3457,2.81,5.14,5.765,-63.6425,32.9465,0.2,0.0,0.0,0.0,-1.5065,-1.221,1.7,2.5788,-0.3917,0,0,1,0.739,0.387,0.613,0,0,0.0,1,ACQUISITION_ASSIST,-0.8478,-0.7796,3.8433,3.4127
345,1.382,-59.8162,36.3436,2.8031,-0.8504,-0.7808,-0.346,2.803,5.117,5.741,-63.6425,32.9465,0.2,0.0,0.0,0.0,-1.5002,-1.2275,1.7,2.5782,-0.3723,0,0,1,0.738,0.387,0.613,0,0,0.0,1,ACQUISITION_ASSIST,-0.8504,-0.7808,3.8263,3.3971
346,1.387,-59.8332,36.328,2.7962,-0.8518,-0.7828,-0.3457,2.796,5.094,5.717,-63.6425,32.9465,0.2,0.0,0.0,0.0,-1.5164,-1.2061,1.7,2.5776,-0.3925,0,0,1,0.741,0.389,0.611,0,0,0.0,1,ACQUISITION_ASSIST,-0.8518,-0.7828,3.8093,3.3815
347,1.391,-59.8503,36.3123,2.7892,-0.8551,-0.7841,-0.3457,2.789,5.07,5.693,-63.6425,32.9465,0.2,0.0,0.0,0.0,-1.5126,-1.2097,1.7,2.577,-0.3738,0,0,1,0.74,0.39,0.61,0,0,0.0,1,ACQUISITION_ASSIST,-0.8551,-0.7841,3.7922,3.3658
348,1.396,-59.8674,36.2966,2.7823,-0.8571,-0.7865,-0.3456,2.782,5.047,5.669,-63.6425,32.9465,0.2,0.0,0.0,0.0,-1.5335,-1.1817,1.7,2.5764,-0.3923,0,0,1,0.743,0.393,0.607,0,0,0.0,1,ACQUISITION_ASSIST,-0.8571,-0.7865,3.775,3.35
349,1.401,-59.8847,36.2808,2.7754,-0.8605,-0.7884,-0.3456,2.775,5.024,5.645,-63.6425,32.9465,0.2,0.0,0.0,0.0,-1.531,-1.1837,1.7,2.5758,-0.3735,0,0,1,0.743,0.392,0.608,0,0,0.0,1,ACQUISITION_ASSIST,-0.8605,-0.7884,3.7578,3.3343
350,1.405,-59.9019,36.265,2.7685,-0.8623,-0.7914,-0.3458,2.769,5.0,5.621,-63.6425,32.9465,0.2,0.0,0.0,0.0,-1.5407,-1.1697,1.7,2.5752,-0.3777,0,0,1,0.744,0.394,0.606,0,0,0.0,1,ACQUISITION_ASSIST,-0.8623,-0.7914,3.7406,3.3184
351,1.41,-59.9192,36.2491,2.7616,-0.8653,-0.794,-0.3463,2.762,4.977,5.597,-63.6425,32.9465,0.2,0.0,0.0,0.0,-1.5218,-1.1928,1.7,2.5746,-0.3625,0,0,1,0.741,0.39,0.61,0,0,0.0,1,ACQUISITION_ASSIST,-0.8653,-0.794,3.7233,3.3026
352,1.414,-59.9365,36.2332,2.7546,-0.8668,-0.7966,-0.3467,2.755,4.953,5.573,-63.6425,32.9465,0.2,0.0,0.0,0.0,-1.5305,-1.1803,1.7,2.574,-0.3852,0,0,1,0.743,0.388,0.612,0,0,0.0,1,ACQUISITION_ASSIST,-0.8668,-0.7966,3.7059,3.2866
353,1.419,-59.9539,36.2172,2.7477,-0.8701,-0.7976,-0.3463,2.748,4.93,5.549,-63.6425,32.9465,0.2,0.0,0.0,0.0,-1.5148,-1.1991,1.7,2.5734,-0.3702,0,0,1,0.74,0.386,0.614,0,0,0.0,1,ACQUISITION_ASSIST,-0.8701,-0.7976,3.6885,3.2707
354,1.423,-59.9714,36.2012,2.7408,-0.872,-0.7985,-0.346,2.741,4.906,5.525,-63.6425,32.9465,0.2,0.0,0.0,0.0,-1.5267,-1.1826,1.7,2.5728,-0.3928,0,0,1,0.742,0.389,0.611,0,0,0.0,1,ACQUISITION_ASSIST,-0.872,-0.7985,3.6711,3.2547
355,1.428,-59.9889,36.1853,2.7339,-0.8754,-0.798,-0.3459,2.734,4.882,5.501,-63.6425,32.9465,0.2,0.0,0.0,0.0,-1.5143,-1.1971,1.7,2.5722,-0.3786,0,0,1,0.74,0.388,0.612,0,0,0.0,1,ACQUISITION_ASSIST,-0.8754,-0.798,3.6536,3.2388
356,1.432,-60.0064,36.1693,2.727,-0.8771,-0.7976,-0.3463,2.727,4.859,5.477,-63.6425,32.9465,0.2,0.0,0.0,0.0,-1.5275,-1.1789,1.7,2.5716,-0.393,0,0,1,0.742,0.388,0.612,0,0,0.0,1,ACQUISITION_ASSIST,-0.8771,-0.7976,3.636,3.2228
357,1.436,-60.024,36.1534,2.72,-0.88,-0.796,-0.3463,2.72,4.835,5.452,-63.6425,32.9465,0.2,0.0,0.0,0.0,-1.5155,-1.193,1.7,2.571,-0.3728,0,0,1,0.741,0.384,0.616,0,0,0.0,1,ACQUISITION_ASSIST,-0.88,-0.796,3.6185,3.2069
358,1.441,-60.0417,36.1375,2.7131,-0.881,-0.7945,-0.346,2.713,4.811,5.428,-63.6425,32.9465,0.2,0.0,0.0,0.0,-1.5329,-1.1692,1.7,2.5704,-0.39,0,0,1,0.743,0.386,0.614,0,0,0.0,1,ACQUISITION_ASSIST,-0.881,-0.7945,3.6008,3.191
359,1.445,-60.0593,36.1217,2.7062,-0.8832,-0.792,-0.3464,2.706,4.788,5.404,-63.6425,32.9465,0.2,0.0,0.0,0.0,-1.5221,-1.1819,1.7,2.5697,-0.3711,0,0,1,0.742,0.382,0.618,0,0,0.0,1,ACQUISITION_ASSIST,-0.8832,-0.792,3.5832,3.1751
360,1.449,-60.077,36.1059,2.6993,-0.8832,-0.7898,-0.3462,2.699,4.764,5.38,-63.6425,32.9465,0.2,0.0,0.0,0.0,-1.5431,-1.1529,1.7,2.5691,-0.3946,0,0,1,0.745,0.388,0.612,0,0,0.0,1,ACQUISITION_ASSIST,-0.8832,-0.7898,3.5655,3.1594
361,1.454,-60.0947,36.0901,2.6923,-0.8841,-0.7867,-0.346,2.692,4.74,5.355,-63.6425,32.9465,0.2,0.0,0.0,0.0,-1.5349,-1.1625,1.7,2.5685,-0.3766,0,0,1,0.744,0.385,0.615,0,0,0.0,1,ACQUISITION_ASSIST,-0.8841,-0.7867,3.5478,3.1436
362,1.458,-60.1123,36.0745,2.6854,-0.8833,-0.7844,-0.3458,2.685,4.717,5.331,-63.6425,32.9465,0.2,0.0,0.0,0.0,-1.5627,-1.1234,1.7,2.5679,-0.3976,0,0,1,0.747,0.393,0.607,0,0,0.0,1,ACQUISITION_ASSIST,-0.8833,-0.7844,3.5302,3.1279
363,1.463,-60.13,36.0588,2.6785,-0.8838,-0.7815,-0.3457,2.679,4.693,5.307,-63.6425,32.9465,0.2,0.0,0.0,0.0,-1.5587,-1.1276,1.7,2.5673,-0.3796,0,0,1,0.747,0.391,0.609,0,0,0.0,1,ACQUISITION_ASSIST,-0.8838,-0.7815,3.5125,3.1123
364,1.467,-60.1477,36.0432,2.6716,-0.8823,-0.7797,-0.3457,2.672,4.669,5.283,-63.6425,32.9465,0.2,0.0,0.0,0.0,-1.5857,-1.0879,1.7,2.5667,-0.4025,0,0,1,0.75,0.399,0.601,0,0,0.0,1,ACQUISITION_ASSIST,-0.8823,-0.7797,3.4948,3.0967
365,1.472,-60.1653,36.0277,2.6647,-0.8818,-0.7776,-0.3457,2.665,4.646,5.259,-63.6425,32.9465,0.2,0.0,0.0,0.0,-1.5932,-1.0754,1.7,2.5661,-0.3846,0,0,1,0.751,0.399,0.601,0,0,0.0,1,ACQUISITION_ASSIST,-0.8818,-0.7776,3.4772,3.0812
366,1.476,-60.1829,36.0122,2.6578,-0.8793,-0.7768,-0.3457,2.658,4.622,5.235,-63.6425,32.9465,0.2,0.0,0.0,0.0,-1.6189,-1.0348,1.7,2.5655,-0.3992,0,0,1,0.754,0.406,0.594,0,0,0.0,1,ACQUISITION_ASSIST,-0.8793,-0.7768,3.4596,3.0656
367,1.48,-60.2004,35.9966,2.6508,-0.8779,-0.7761,-0.3457,2.651,4.599,5.211,-63.6425,32.9465,0.2,0.0,0.0,0.0,-1.6228,-1.0273,1.7,2.5649,-0.3813,0,0,1,0.753,0.405,0.595,0,0,0.0,1,ACQUISITION_ASSIST,-0.8779,-0.7761,3.4421,3.0501
368,1.485,-60.2179,35.9811,2.6439,-0.8745,-0.7765,-0.3458,2.644,4.576,5.187,-63.6425,32.9465,0.2,0.0,0.0,0.0,-1.6472,-0.9859,1.7,2.5642,-0.4071,0,0,1,0.757,0.412,0.588,0,0,0.0,1,ACQUISITION_ASSIST,-0.8745,-0.7765,3.4246,3.0346
369,1.489,-60.2354,35.9656,2.637,-0.8721,-0.7766,-0.3457,2.637,4.552,5.164,-63.6425,32.9465,0.2,0.0,0.0,0.0,-1.6606,-0.9617,1.7,2.5637,-0.3891,0,0,1,0.757,0.411,0.589,0,0,0.0,1,ACQUISITION_ASSIST,-0.8721,-0.7766,3.4071,3.019
370,1.494,-60.2527,35.95,2.6301,-0.8688,-0.7783,-0.3464,2.63,4.529,5.14,-63.6425,32.9465,0.2,0.0,0.0,0.0,-1.6755,-0.9338,1.7,2.5631,-0.3887,0,0,1,0.758,0.413,0.587,0,0,0.0,1,ACQUISITION_ASSIST,-0.8688,-0.7783,3.3897,3.0035
371,1.498,-60.2701,35.9344,2.6232,-0.8675,-0.7803,-0.3465,2.623,4.506,5.116,-63.6425,32.9465,0.2,0.0,0.0,0.0,-1.651,-0.975,1.7,2.5625,-0.3693,0,0,1,0.756,0.407,0.593,0,0,0.0,1,ACQUISITION_ASSIST,-0.8675,-0.7803,3.3724,2.9879
372,1.502,-60.2874,35.9187,2.6162,-0.8657,-0.7825,-0.3461,2.616,4.482,5.092,-63.6425,32.9465,0.2,0.0,0.0,0.0,-1.6039,-0.9654,1.508,2.4039,-0.39,1,0,0,0.758,0.41,0.59,0,0,0.0,1,LANDING_PHASE,-0.8657,-0.7825,3.3551,2.9722
373,1.507,-60.3048,35.903,2.6142,-0.8691,-0.7868,-0.1021,2.614,4.459,5.07,-63.6425,32.9465,0.2,0.0,0.0,0.0,-1.5569,-0.9558,1.316,2.2515,-0.3919,1,0,0,0.759,0.413,0.587,0,0,0.0,1,LANDING_PHASE,-0.8691,-0.7868,3.3377,2.9565
374,1.511,-60.3222,35.8872,2.617,-0.8705,-0.7922,0.1416,2.617,4.435,5.051,-63.6425,32.9465,0.2,0.0,0.0,0.0,-1.5099,-0.9462,1.124,2.1068,-0.3937,1,0,0,0.76,0.411,0.589,0,0,0.0,1,LANDING_PHASE,-0.8705,-0.7922,3.3203,2.9406
375,1.516,-60.3396,35.8712,2.6247,-0.87,-0.7985,0.3848,2.625,4.412,5.034,-63.6425,32.9465,0.2,0.0,0.0,0.0,-1.4629,-0.9366,0.932,1.9712,-0.3956,1,0,0,0.76,0.409,0.591,0,0,0.0,1,LANDING_PHASE,-0.87,-0.7985,3.3029,2.9247
376,1.52,-60.3569,35.8551,2.6365,-0.8676,-0.8049,0.5875,2.636,4.388,5.019,-63.6425,32.9465,0.2,0.0,0.0,0.0,-1.4158,-0.9269,0.74,1.847,-0.368,1,0,0,0.755,0.406,0.594,0,0,0.0,1,LANDING_PHASE,-0.8676,-0.8049,3.2855,2.9086
377,1.524,-60.3742,35.8389,2.6494,-0.8643,-0.809,0.645,2.649,4.364,5.005,-63.6425,32.9465,0.2,0.0,0.0,0.0,-1.3688,-0.9173,0.548,1.7365,-0.4106,1,0,0,0.754,0.404,0.596,0,0,0.0,1,LANDING_PHASE,-0.8643,-0.809,3.2682,2.8924
378,1.529,-60.3915,35.8227,2.6616,-0.8646,-0.8099,0.6119,2.662,4.341,4.99,-63.6425,32.9465,0.2,0.0,0.0,0.0,-1.3218,-0.9076,0.356,1.6425,-0.392,1,0,0,0.751,0.4,0.6,0,0,0.0,1,LANDING_PHASE,-0.8646,-0.8099,3.251,2.8762
379,1.533,-60.4089,35.8065,2.6721,-0.8669,-0.8111,0.5222,2.672,4.317,4.975,-63.6425,32.9465,0.2,0.0,0.0,0.0,-1.2748,-0.8979,0.164,1.5679,-0.3953,1,0,0,0.748,0.386,0.614,0,0,0.0,1,LANDING_PHASE,-0.8669,-0.8111,3.2336,2.86
380,1.538,-60.4263,35.7903,2.6803,-0.872,-0.812,0.4115,2.68,4.293,4.958,-63.6425,32.9465,0.2,0.0,0.0,0.0,-1.2278,-0.8882,-0.028,1.5156,-0.4043,1,0,0,0.747,0.379,0.621,0,0,0.0,1,LANDING_PHASE,-0.872,-0.812,3.2162,2.8437
381,1.542,-60.4439,35.774,2.6862,-0.8808,-0.8134,0.2975,2.686,4.269,4.94,-63.6425,32.9465,0.2,0.0,0.0,0.0,-1.1808,-0.8785,-0.22,1.4881,-0.4026,1,0,0,0.747,0.371,0.629,0,0,0.0,1,LANDING_PHASE,-0.8808,-0.8134,3.1986,2.8275
382,1.547,-60.4618,35.7577,2.6899,-0.8938,-0.8155,0.1831,2.69,4.245,4.921,-63.6425,32.9465,0.2,0.0,0.0,0.0,-1.1338,-0.8687,-0.412,1.4866,-0.4008,1,0,0,0.747,0.368,0.632,0,0,0.0,1,LANDING_PHASE,-0.8938,-0.8155,3.1807,2.8112
383,1.552,-60.48,35.7413,2.6913,-0.9109,-0.8184,0.068,2.691,4.22,4.901,-63.6425,32.9465,0.2,0.0,0.0,0.0,-1.0868,-0.8589,-0.604,1.5112,-0.3988,1,0,0,0.749,0.368,0.632,0,0,0.0,1,LANDING_PHASE,-0.9109,-0.8184,3.1625,2.7948
384,1.557,-60.4987,35.7249,2.6903,-0.932,-0.822,-0.048,2.69,4.196,4.879,-63.6425,32.9465,0.2,0.0,0.0,0.0,-1.0398,-0.8492,-0.65,1.4916,-0.3967,1,0,0,0.752,0.367,0.633,0,0,0.0,1,LANDING_PHASE,-0.932,-0.822,3.1438,2.7783
385,1.562,-60.5178,35.7084,2.687,-0.957,-0.8263,-0.1651,2.687,4.17,4.856,-63.6425,32.9465,0.2,0.0,0.0,0.0,-0.9928,-0.8395,-0.65,1.4536,-0.3945,1,0,0,0.755,0.36,0.64,0,0,0.0,1,LANDING_PHASE,-0.957,-0.8263,3.1247,2.7618
386,1.567,-60.5375,35.6917,2.6813,-0.9859,-0.8311,-0.2834,2.681,4.145,4.831,-63.6425,32.9465,0.2,0.0,0.0,0.0,-0.9458,-0.8299,-0.65,1.4162,-0.3922,1,0,0,0.759,0.363,0.637,0,0,0.0,1,LANDING_PHASE,-0.9859,-0.8311,3.105,2.7452
387,1.572,-60.5579,35.675,2.6733,-1.0185,-0.8366,-0.4032,2.673,4.118,4.804,-63.6425,32.9465,0.2,0.0,0.0,0.0,-0.9363,-0.8282,-0.65,1.4089,-0.3897,1,0,0,0.761,0.367,0.633,0,0,0.0,1,LANDING_PHASE,-1.0185,-0.8366,3.0846,2.7285
388,1.577,-60.5791,35.6581,2.6629,-1.0586,-0.8434,-0.5172,2.663,4.091,4.775,-63.6425,32.9465,0.2,0.0,0.0,0.0,-0.936,-0.8285,-0.65,1.4089,-0.3957,1,0,0,0.765,0.37,0.63,0,0,0.0,1,LANDING_PHASE,-1.0586,-0.8434,3.0634,2.7116
389,1.582,-60.6013,35.6411,2.6506,-1.1135,-0.8528,-0.6141,2.651,4.063,4.745,-63.6425,32.9465,0.2,0.0,0.0,0.0,-0.9356,-0.829,-0.65,1.4089,-0.4149,1,0,0,0.77,0.375,0.625,0,0,0.0,1,LANDING_PHASE,-1.1135,-0.8528,3.0412,2.6945
390,1.587,-60.625,35.6238,2.6367,-1.1838,-0.866,-0.6947,2.637,4.034,4.713,-63.6425,32.9465,0.2,0.0,0.0,0.0,-0.935,-0.8296,-0.65,1.4089,-0.4033,1,0,0,0.774,0.375,0.625,0,0,0.0,1,LANDING_PHASE,-1.1838,-0.866,3.0175,2.6772
391,1.592,-60.6503,35.6061,2.6215,-1.2653,-0.8835,-0.7646,2.621,4.003,4.679,-63.6425,32.9465,0.2,0.0,0.0,0.0,-0.9343,-0.8304,-0.65,1.4089,-0.3698,1,0,0,0.776,0.377,0.623,0,0,0.0,1,LANDING_PHASE,-1.2653,-0.8835,2.9922,2.6596
392,1.597,-60.6774,35.588,2.6049,-1.3558,-0.9034,-0.8264,2.605,3.971,4.642,-63.6425,32.9465,0.2,0.0,0.0,0.0,-0.9333,-0.8315,-0.65,1.4089,-0.3692,1,0,0,0.778,0.381,0.619,0,0,0.0,1,LANDING_PHASE,-1.3558,-0.9034,2.9651,2.6415
393,1.602,-60.7065,35.5695,2.5873,-1.4536,-0.9247,-0.8801,2.587,3.937,4.604,-63.6425,32.9465,0.2,0.0,0.0,0.0,-0.9322,-0.8328,-0.65,1.4089,-0.4023,1,0,0,0.783,0.386,0.614,0,0,0.0,1,LANDING_PHASE,-1.4536,-0.9247,2.936,2.623
394,1.607,-60.7376,35.5505,2.5688,-1.5563,-0.9489,-0.9247,2.569,3.901,4.564,-63.6425,32.9465,0.2,0.0,0.0,0.0,-0.9308,-0.8344,-0.65,1.4089,-0.3852,1,0,0,0.787,0.388,0.612,0,0,0.0,1,LANDING_PHASE,-1.5563,-0.9489,2.9049,2.604
395,1.612,-60.7709,35.531,2.5497,-1.6617,-0.9777,-0.9587,2.55,3.863,4.522,-63.6425,32.9465,0.2,0.0,0.0,0.0,-0.9291,-0.8362,-0.65,1.4089,-0.3333,1,0,0,0.787,0.389,0.611,0,0,0.0,1,LANDING_PHASE,-1.6617,-0.9777,2.8716,2.5845
396,1.617,-60.8062,35.5108,2.53,-1.7681,-1.0083,-0.9805,2.53,3.824,4.478,-63.6425,32.9465,0.2,0.0,0.0,0.0,-0.9272,-0.8383,-0.65,1.4089,-0.3337,1,0,0,0.786,0.387,0.613,0,0,0.0,1,LANDING_PHASE,-1.7681,-1.0083,2.8363,2.5643
397,1.622,-60.8437,35.4901,2.5103,-1.8742,-1.0378,-0.9877,2.51,3.782,4.432,-63.6425,32.9465,0.2,0.0,0.0,0.0,-0.9251,-0.8407,-0.65,1.4089,-0.3689,1,0,0,0.787,0.397,0.603,0,0,0.0,1,LANDING_PHASE,-1.8742,-1.0378,2.7988,2.5435
398,1.627,-60.8832,35.4687,2.4907,-1.9752,-1.0677,-0.9794,2.491,3.738,4.384,-63.6425,32.9465,0.2,0.0,0.0,0.0,-0.9226,-0.8434,-0.65,1.4089,-0.3307,1,0,0,0.786,0.399,0.601,0,0,0.0,1,LANDING_PHASE,-1.9752,-1.0677,2.7593,2.5222
399,1.632,-60.9245,35.4467,2.4716,-2.0667,-1.1001,-0.9536,2.472,3.693,4.336,-63.6425,32.9465,0.2,0.0,0.0,0.0,-0.92,-0.8463,-0.65,1.4089,-0.2789,1,0,0,0.781,0.4,0.6,0,0,0.0,1,LANDING_PHASE,-2.0667,-1.1001,2.7179,2.5002
400,1.636,-60.9674,35.4241,2.4534,-2.1438,-1.1305,-0.9126,2.453,3.646,4.286,-63.6425,32.9465,0.2,0.0,0.0,0.0,-0.9171,-0.8494,-0.65,1.4089,-0.3039,1,0,0,0.779,0.412,0.588,0,0,0.0,1,LANDING_PHASE,-2.1438,-1.1305,2.6751,2.4776
401,1.64,-61.0115,35.401,2.4362,-2.2025,-1.1535,-0.8576,2.436,3.598,4.236,-63.6425,32.9465,0.2,0.0,0.0,0.0,-0.914,-0.8527,-0.65,1.4089,-0.3059,1,0,0,0.78,0.408,0.592,0,0,0.0,1,LANDING_PHASE,-2.2025,-1.1535,2.631,2.4545
402,1.645,-61.0562,35.3776,2.4203,-2.2355,-1.1702,-0.7982,2.42,3.55,4.187,-63.6425,32.9465,0.2,0.0,0.0,0.0,-0.9108,-0.8561,-0.65,1.4089,-0.3142,1,0,0,0.783,0.407,0.593,0,0,0.0,1,LANDING_PHASE,-2.2355,-1.1702,2.5863,2.4311
403,1.649,-61.1011,35.354,2.4055,-2.2467,-1.1806,-0.7374,2.406,3.501,4.137,-63.6425,32.9465,0.2,0.0,0.0,0.0,-0.9075,-0.8597,-0.65,1.4089,-0.2952,1,0,0,0.785,0.418,0.582,0,0,0.0,1,LANDING_PHASE,-2.2467,-1.1806,2.5414,2.4075
404,1.654,-61.1458,35.3303,2.3919,-2.2335,-1.1851,-0.6827,2.392,3.452,4.089,-63.6425,32.9465,0.2,0.0,0.0,0.0,-0.9041,-0.8632,-0.65,1.4089,-0.3345,1,0,0,0.79,0.425,0.575,0,0,0.0,1,LANDING_PHASE,-2.2335,-1.1851,2.4967,2.3838
405,1.658,-61.1898,35.3067,2.3791,-2.2016,-1.1824,-0.6365,2.379,3.404,4.042,-63.6425,32.9465,0.2,0.0,0.0,0.0,-0.9007,-0.8667,-0.65,1.4089,-0.284,1,0,0,0.794,0.417,0.583,0,0,0.0,1,LANDING_PHASE,-2.2016,-1.1824,2.4527,2.3601
406,1.663,-61.2329,35.2831,2.3672,-2.1528,-1.176,-0.5973,2.367,3.356,3.995,-63.6425,32.9465,0.2,0.0,0.0,0.0,-0.8974,-0.8702,-0.65,1.4089,-0.3284,1,0,0,0.801,0.421,0.579,0,0,0.0,1,LANDING_PHASE,-2.1528,-1.176,2.4096,2.3366
407,1.668,-61.2746,35.2599,2.3558,-2.0865,-1.1622,-0.5682,2.356,3.31,3.95,-63.6425,32.9465,0.2,0.0,0.0,0.0,-0.8941,-0.8735,-0.65,1.4089,-0.299,1,0,0,0.804,0.423,0.577,0,0,0.0,1,LANDING_PHASE,-2.0865,-1.1622,2.3679,2.3134
408,1.673,-61.3147,35.237,2.3448,-2.0063,-1.1449,-0.5508,2.345,3.266,3.907,-63.6425,32.9465,0.2,0.0,0.0,0.0,-0.891,-0.8767,-0.65,1.4089,-0.3472,1,0,0,0.811,0.43,0.57,0,0,0.0,1,LANDING_PHASE,-2.0063,-1.1449,2.3278,2.2905
409,1.678,-61.3531,35.2145,2.3339,-1.9168,-1.1232,-0.5446,2.334,3.223,3.865,-63.6425,32.9465,0.2,0.0,0.0,0.0,-0.888,-0.8797,-0.65,1.4089,-0.306,1,0,0,0.814,0.42,0.58,0,0,0.0,1,LANDING_PHASE,-1.9168,-1.1232,2.2894,2.268
410,1.683,-61.3895,35.1925,2.323,-1.8198,-1.1003,-0.5471,2.323,3.181,3.825,-63.6425,32.9465,0.2,0.0,0.0,0.0,-0.8853,-0.8825,-0.65,1.4089,-0.3513,1,0,0,0.819,0.419,0.581,0,0,0.0,1,LANDING_PHASE,-1.8198,-1.1003,2.253,2.246
411,1.688,-61.4238,35.171,2.3118,-1.7169,-1.0741,-0.5588,2.312,3.142,3.786,-63.6425,32.9465,0.2,0.0,0.0,0.0,-0.8827,-0.885,-0.65,1.4089,-0.3363,1,0,0,0.821,0.424,0.576,0,0,0.0,1,LANDING_PHASE,-1.7169,-1.0741,2.2187,2.2245
412,1.693,-61.456,35.1501,2.3002,-1.6093,-1.0476,-0.5773,2.3,3.104,3.748,-63.6425,32.9465,0.2,0.0,0.0,0.0,-0.8804,-0.8873,-0.65,1.4089,-0.354,1,0,0,0.823,0.422,0.578,0,0,0.0,1,LANDING_PHASE,-1.6093,-1.0476,2.1865,2.2036
413,1.698,-61.486,35.1297,2.2882,-1.4998,-1.0191,-0.6004,2.288,3.069,3.712,-63.6425,32.9465,0.2,0.0,0.0,0.0,-0.8784,-0.8893,-0.65,1.4089,-0.3608,1,0,0,0.824,0.427,0.573,0,0,0.0,1,LANDING_PHASE,-1.4998,-1.0191,2.1565,2.1832
414,1.703,-61.5138,35.1099,2.2757,-1.3896,-0.9922,-0.6268,2.276,3.035,3.677,-63.6425,32.9465,0.2,0.0,0.0,0.0,-0.8767,-0.891,-0.65,1.4089,-0.3523,1,0,0,0.823,0.418,0.582,0,0,0.0,1,LANDING_PHASE,-1.3896,-0.9922,2.1287,2.1633
415,1.708,-61.5394,35.0906,2.2627,-1.2803,-0.9649,-0.6526,2.263,3.003,3.643,-63.6425,32.9465,0.2,0.0,0.0,0.0,-0.8753,-0.8924,-0.65,1.4089,-0.4044,1,0,0,0.824,0.428,0.572,0,0,0.0,1,LANDING_PHASE,-1.2803,-0.9649,2.1031,2.144
416,1.713,-61.5629,35.0718,2.2491,-1.1738,-0.9373,-0.6761,2.249,2.974,3.611,-63.6425,32.9465,0.2,0.0,0.0,0.0,-0.8742,-0.8934,-0.65,1.4089,-0.3735,1,0,0,0.822,0.428,0.572,0,0,0.0,1,LANDING_PHASE,-1.1738,-0.9373,2.0796,2.1253
417,1.718,-61.5843,35.0536,2.2352,-1.0709,-0.9125,-0.6955,2.235,2.945,3.58,-63.6425,32.9465,0.2,0.0,0.0,0.0,-0.8735,-0.8942,-0.65,1.4089,-0.4127,1,0,0,0.823,0.433,0.567,0,0,0.0,1,LANDING_PHASE,-1.0709,-0.9125,2.0582,2.107
418,1.722,-61.6038,35.0358,2.221,-0.9745,-0.889,-0.7095,2.221,2.919,3.55,-63.6425,32.9465,0.2,0.0,0.0,0.0,-0.873,-0.8946,-0.65,1.4089,-0.3823,1,0,0,0.82,0.43,0.57,0,0,0.0,1,LANDING_PHASE,-0.9745,-0.889,2.0387,2.0893
419,1.727,-61.6214,35.0184,2.2066,-0.8832,-0.8693,-0.7197,2.207,2.894,3.522,-63.6425,32.9465,0.2,0.0,0.0,0.0,-0.8728,-0.8948,-0.65,1.4089,-0.3947,1,0,0,0.818,0.438,0.562,0,0,0.0,1,LANDING_PHASE,-0.8832,-0.8693,2.0211,2.0719
420,1.732,-61.6374,35.0014,2.1922,-0.7994,-0.8516,-0.7232,2.192,2.871,3.494,-63.6425,32.9465,0.2,0.0,0.0,0.0,-0.873,-0.8947,-0.65,1.4089,-0.3467,1,0,0,0.813,0.429,0.571,0,0,0.0,1,LANDING_PHASE,-0.7994,-0.8516,2.0051,2.0548
421,1.736,-61.6519,34.9846,2.1777,-0.7247,-0.8369,-0.7221,2.178,2.849,3.468,-63.6425,32.9465,0.2,0.0,0.0,0.0,-0.8734,-0.8942,-0.65,1.4089,-0.3952,1,0,0,0.811,0.439,0.561,0,0,0.0,1,LANDING_PHASE,-0.7247,-0.8369,1.9906,2.0381
422,1.741,-61.6651,34.9682,2.1634,-0.6594,-0.822,-0.7169,2.163,2.828,3.443,-63.6425,32.9465,0.2,0.0,0.0,0.0,-0.874,-0.8936,-0.65,1.4089,-0.3594,1,0,0,0.808,0.436,0.564,0,0,0.0,1,LANDING_PHASE,-0.6594,-0.822,1.9774,2.0217
423,1.745,-61.6772,34.952,2.1492,-0.6056,-0.8105,-0.7088,2.149,2.808,3.418,-63.6425,32.9465,0.2,0.0,0.0,0.0,-0.8749,-0.8928,-0.65,1.4089,-0.4046,1,0,0,0.808,0.443,0.557,0,0,0.0,1,LANDING_PHASE,-0.6056,-0.8105,1.9653,2.0055
424,1.75,-61.6884,34.936,2.1352,-0.5611,-0.8002,-0.6986,2.135,2.789,3.394,-63.6425,32.9465,0.2,0.0,0.0,0.0,-0.8759,-0.8918,-0.65,1.4089,-0.3509,1,0,0,0.805,0.442,0.558,0,0,0.0,1,LANDING_PHASE,-0.5611,-0.8002,1.9541,1.9895
425,1.754,-61.699,34.9201,2.1215,-0.5276,-0.7943,-0.6879,2.121,2.77,3.371,-63.6425,32.9465,0.2,0.0,0.0,0.0,-0.8771,-0.8906,-0.65,1.4089,-0.3931,1,0,0,0.805,0.429,0.571,0,0,0.0,1,LANDING_PHASE,-0.5276,-0.7943,1.9435,1.9736
426,1.759,-61.7091,34.9043,2.1079,-0.5034,-0.789,-0.677,2.108,2.752,3.348,-63.6425,32.9465,0.2,0.0,0.0,0.0,-0.8783,-0.8894,-0.65,1.4089,-0.361,1,0,0,0.804,0.426,0.574,0,0,0.0,1,LANDING_PHASE,-0.5034,-0.789,1.9334,1.9578
427,1.763,-61.7189,34.8886,2.0946,-0.49,-0.7874,-0.6667,2.095,2.733,3.326,-63.6425,32.9465,0.2,0.0,0.0,0.0,-0.8797,-0.8881,-0.65,1.4089,-0.3907,1,0,0,0.806,0.433,0.567,0,0,0.0,1,LANDING_PHASE,-0.49,-0.7874,1.9236,1.942
428,1.767,-61.7286,34.8728,2.0815,-0.4856,-0.7864,-0.6575,2.081,2.715,3.304,-63.6425,32.9465,0.2,0.0,0.0,0.0,-0.881,-0.8867,-0.65,1.4089,-0.374,1,0,0,0.805,0.432,0.568,0,0,0.0,1,LANDING_PHASE,-0.4856,-0.7864,1.9139,1.9263
429,1.772,-61.7383,34.8571,2.0685,-0.487,-0.788,-0.6494,2.068,2.697,3.281,-63.6425,32.9465,0.2,0.0,0.0,0.0,-0.8824,-0.8854,-0.65,1.4089,-0.3998,1,0,0,0.807,0.432,0.568,0,0,0.0,1,LANDING_PHASE,-0.487,-0.788,1.9042,1.9106
430,1.776,-61.7482,34.8413,2.0556,-0.4973,-0.7908,-0.6435,2.056,2.679,3.259,-63.6425,32.9465,0.2,0.0,0.0,0.0,-0.8838,-0.884,-0.65,1.4089,-0.3689,1,0,0,0.807,0.433,0.567,0,0,0.0,1,LANDING_PHASE,-0.4973,-0.7908,1.8942,1.8947
431,1.781,-61.7585,34.8253,2.0428,-0.5128,-0.7966,-0.6393,2.043,2.661,3.237,-63.6425,32.9465,0.2,0.0,0.0,0.0,-0.8851,-0.8827,-0.65,1.4089,-0.4014,1,0,0,0.81,0.439,0.561,0,0,0.0,1,LANDING_PHASE,-0.5128,-0.7966,1.884,1.8788
432,1.785,-61.7692,34.8093,2.0301,-0.5333,-0.8024,-0.6365,2.03,2.642,3.214,-63.6425,32.9465,0.2,0.0,0.0,0.0,-0.8864,-0.8814,-0.65,1.4089,-0.3645,1,0,0,0.809,0.433,0.567,0,0,0.0,1,LANDING_PHASE,-0.5333,-0.8024,1.8733,1.8628
433,1.79,-61.7803,34.7931,2.0174,-0.558,-0.8109,-0.6354,2.017,2.622,3.191,-63.6425,32.9465,0.2,0.0,0.0,0.0,-0.8876,-0.8802,-0.65,1.4089,-0.4028,1,0,0,0.811,0.437,0.563,0,0,0.0,1,LANDING_PHASE,-0.558,-0.8109,1.8622,1.8465
434,1.794,-61.792,34.7767,2.0047,-0.5855,-0.8186,-0.6352,2.005,2.603,3.167,-63.6425,32.9465,0.2,0.0,0.0,0.0,-0.8887,-0.879,-0.65,1.4089,-0.3669,1,0,0,0.81,0.439,0.561,0,0,0.0,1,LANDING_PHASE,-0.5855,-0.8186,1.8504,1.8302
435,1.799,-61.8044,34.7601,1.9919,-0.6168,-0.8286,-0.637,1.992,2.582,3.143,-63.6425,32.9465,0.2,0.0,0.0,0.0,-0.8898,-0.8779,-0.65,1.4089,-0.3833,1,0,0,0.812,0.442,0.558,0,0,0.0,1,LANDING_PHASE,-0.6168,-0.8286,1.8381,1.8136
436,1.803,-61.8174,34.7434,1.9792,-0.6509,-0.8375,-0.6389,1.979,2.561,3.118,-63.6425,32.9465,0.2,0.0,0.0,0.0,-0.8908,-0.877,-0.65,1.4089,-0.3727,1,0,0,0.812,0.444,0.556,0,0,0.0,1,LANDING_PHASE,-0.6509,-0.8375,1.8251,1.7968
437,1.808,-61.8311,34.7264,1.9663,-0.6844,-0.8466,-0.6409,1.966,2.54,3.093,-63.6425,32.9465,0.2,0.0,0.0,0.0,-0.8916,-0.8761,-0.65,1.4089,-0.3855,1,0,0,0.813,0.448,0.552,0,0,0.0,1,LANDING_PHASE,-0.6844,-0.8466,1.8114,1.7799
438,1.813,-61.8455,34.7093,1.9535,-0.7203,-0.8547,-0.6436,1.953,2.517,3.068,-63.6425,32.9465,0.2,0.0,0.0,0.0,-0.8923,-0.8754,-0.65,1.4089,-0.3538,1,0,0,0.812,0.445,0.555,0,0,0.0,1,LANDING_PHASE,-0.7203,-0.8547,1.797,1.7628
439,1.817,-61.8606,34.6921,1.9405,-0.7552,-0.8632,-0.646,1.941,2.494,3.042,-63.6425,32.9465,0.2,0.0,0.0,0.0,-0.8922,-0.8739,-0.65,1.4079,-0.3863,1,0,0,0.814,0.448,0.552,0,0,0.0,1,LANDING_PHASE,-0.7552,-0.8632,1.7819,1.7455
440,1.822,-61.8764,34.6747,1.9276,-0.7888,-0.8693,-0.6483,1.928,2.471,3.015,-63.6425,32.9465,0.2,0.0,0.0,0.0,-0.8893,-0.8697,-0.65,1.4035,-0.3604,1,0,0,0.814,0.443,0.557,0,0,0.0,1,LANDING_PHASE,-0.7888,-0.8693,1.7661,1.7282
441,1.826,-61.8928,34.6572,1.9146,-0.8222,-0.8758,-0.6505,1.915,2.447,2.988,-63.6425,32.9465,0.2,0.0,0.0,0.0,-0.8859,-0.8655,-0.65,1.3987,-0.3772,1,0,0,0.816,0.448,0.552,0,0,0.0,1,LANDING_PHASE,-0.8222,-0.8758,1.7497,1.7106
442,1.831,-61.9099,34.6396,1.9015,-0.8538,-0.8804,-0.6519,1.902,2.422,2.96,-63.6425,32.9465,0.2,0.0,0.0,0.0,-0.8821,-0.8613,-0.65,1.3937,-0.3663,1,0,0,0.816,0.448,0.552,0,0,0.0,1,LANDING_PHASE,-0.8538,-0.8804,1.7326,1.693
443,1.835,-61.9275,34.6219,1.8885,-0.8812,-0.8848,-0.6527,1.888,2.397,2.932,-63.6425,32.9465,0.2,0.0,0.0,0.0,-0.8779,-0.8572,-0.65,1.3885,-0.3804,1,0,0,0.819,0.453,0.547,0,0,0.0,1,LANDING_PHASE,-0.8812,-0.8848,1.715,1.6753
444,1.84,-61.9457,34.6041,1.8754,-0.9074,-0.8877,-0.653,1.875,2.372,2.904,-63.6425,32.9465,0.2,0.0,0.0,0.0,-0.8733,-0.853,-0.65,1.383,-0.3685,1,0,0,0.819,0.45,0.55,0,0,0.0,1,LANDING_PHASE,-0.9074,-0.8877,1.6968,1.6576
445,1.844,-61.9642,34.5863,1.8624,-0.929,-0.8907,-0.653,1.862,2.346,2.876,-63.6425,32.9465,0.2,0.0,0.0,0.0,-0.8684,-0.8489,-0.65,1.3774,-0.3837,1,0,0,0.822,0.456,0.544,0,0,0.0,1,LANDING_PHASE,-0.929,-0.8907,1.6782,1.6398
446,1.849,-61.9832,34.5685,1.8493,-0.949,-0.8924,-0.6525,1.849,2.32,2.847,-63.6425,32.9465,0.2,0.0,0.0,0.0,-0.8632,-0.8449,-0.65,1.3717,-0.3708,1,0,0,0.823,0.451,0.549,0,0,0.0,1,LANDING_PHASE,-0.949,-0.8924,1.6593,1.6219
447,1.853,-62.0025,34.5506,1.8363,-0.9641,-0.8944,-0.6518,1.836,2.294,2.818,-63.6425,32.9465,0.2,0.0,0.0,0.0,-0.8579,-0.8409,-0.65,1.3658,-0.3729,1,0,0,0.825,0.462,0.538,0,0,0.0,1,LANDING_PHASE,-0.9641,-0.8944,1.64,1.604
448,1.857,-62.022,34.5327,1.8233,-0.9773,-0.8953,-0.6506,1.823,2.268,2.789,-63.6425,32.9465,0.2,0.0,0.0,0.0,-0.8524,-0.8369,-0.65,1.36,-0.3588,1,0,0,0.825,0.46,0.54,0,0,0.0,1,LANDING_PHASE,-0.9773,-0.8953,1.6204,1.5861
449,1.862,-62.0418,34.5148,1.8103,-0.9857,-0.8955,-0.6494,1.81,2.241,2.759,-63.6425,32.9465,0.2,0.0,0.0,0.0,-0.8469,-0.833,-0.65,1.3541,-0.3762,1,0,0,0.828,0.46,0.54,0,0,0.0,1,LANDING_PHASE,-0.9857,-0.8955,1.6007,1.5682
450,1.866,-62.0616,34.4969,1.7973,-0.9925,-0.8938,-0.6479,1.797,2.214,2.73,-63.6425,32.9465,0.2,0.0,0.0,0.0,-0.8414,-0.8292,-0.65,1.3484,-0.3613,1,0,0,0.829,0.458,0.542,0,0,0.0,1,LANDING_PHASE,-0.9925,-0.8938,1.5809,1.5503
451,1.871,-62.0815,34.479,1.7844,-0.9942,-0.8915,-0.6465,1.784,2.188,2.701,-63.6425,32.9465,0.2,0.0,0.0,0.0,-0.8361,-0.8256,-0.65,1.3428,-0.3798,1,0,0,0.832,0.454,0.546,0,0,0.0,1,LANDING_PHASE,-0.9942,-0.8915,1.561,1.5325
452,1.875,-62.1014,34.4613,1.7715,-0.9939,-0.8874,-0.6449,1.771,2.161,2.672,-63.6425,32.9465,0.2,0.0,0.0,0.0,-0.8308,-0.8221,-0.65,1.3374,-0.3638,1,0,0,0.832,0.454,0.546,0,0,0.0,1,LANDING_PHASE,-0.9939,-0.8874,1.5411,1.5148
453,1.88,-62.1211,34.4436,1.7586,-0.9882,-0.8831,-0.6439,1.759,2.134,2.643,-63.6425,32.9465,0.2,0.0,0.0,0.0,-0.8259,-0.8186,-0.65,1.3322,-0.3953,1,0,0,0.836,0.467,0.533,0,0,0.0,1,LANDING_PHASE,-0.9882,-0.8831,1.5213,1.4971
454,1.884,-62.1407,34.4261,1.7458,-0.9801,-0.8772,-0.6431,1.746,2.108,2.614,-63.6425,32.9465,0.2,0.0,0.0,0.0,-0.8213,-0.8154,-0.65,1.3274,-0.3689,1,0,0,0.837,0.467,0.533,0,0,0.0,1,LANDING_PHASE,-0.9801,-0.8772,1.5017,1.4796
455,1.888,-62.1601,34.4087,1.7329,-0.9691,-0.8722,-0.6426,1.733,2.082,2.586,-63.6425,32.9465,0.2,0.0,0.0,0.0,-0.817,-0.8122,-0.65,1.3228,-0.3958,1,0,0,0.841,0.474,0.526,0,0,0.0,1,LANDING_PHASE,-0.9691,-0.8722,1.4824,1.4621
456,1.893,-62.1793,34.3913,1.7201,-0.9566,-0.866,-0.6422,1.72,2.056,2.557,-63.6425,32.9465,0.2,0.0,0.0,0.0,-0.8131,-0.8091,-0.65,1.3184,-0.378,1,0,0,0.842,0.477,0.523,0,0,0.0,1,LANDING_PHASE,-0.9566,-0.866,1.4632,1.4448
457,1.897,-62.1981,34.3741,1.7072,-0.9412,-0.8607,-0.6429,1.707,2.031,2.529,-63.6425,32.9465,0.2,0.0,0.0,0.0,-0.8096,-0.806,-0.65,1.3144,-0.3734,1,0,0,0.844,0.481,0.519,0,0,0.0,1,LANDING_PHASE,-0.9412,-0.8607,1.4444,1.4276
458,1.902,-62.2166,34.357,1.6943,-0.9256,-0.8549,-0.6427,1.694,2.006,2.501,-63.6425,32.9465,0.2,0.0,0.0,0.0,-0.8063,-0.803,-0.65,1.3105,-0.3614,1,0,0,0.843,0.476,0.524,0,0,0.0,1,LANDING_PHASE,-0.9256,-0.8549,1.4259,1.4105
459,1.906,-62.2347,34.34,1.6815,-0.9075,-0.8488,-0.6436,1.681,1.981,2.474,-63.6425,32.9465,0.2,0.0,0.0,0.0,-0.8036,-0.8001,-0.65,1.307,-0.3811,1,0,0,0.845,0.48,0.52,0,0,0.0,1,LANDING_PHASE,-0.9075,-0.8488,1.4077,1.3935
460,1.911,-62.2525,34.3232,1.6686,-0.8901,-0.8407,-0.6437,1.669,1.956,2.446,-63.6425,32.9465,0.2,0.0,0.0,0.0,-0.801,-0.7974,-0.65,1.3038,-0.3622,1,0,0,0.844,0.478,0.522,0,0,0.0,1,LANDING_PHASE,-0.8901,-0.8407,1.3899,1.3767
461,1.915,-62.27,34.3066,1.6557,-0.8716,-0.8326,-0.6441,1.656,1.932,2.419,-63.6425,32.9465,0.2,0.0,0.0,0.0,-0.7988,-0.7947,-0.65,1.3009,-0.3818,1,0,0,0.846,0.483,0.517,0,0,0.0,1,LANDING_PHASE,-0.8716,-0.8326,1.3725,1.36
462,1.92,-62.2871,34.2901,1.6428,-0.8548,-0.8235,-0.6447,1.643,1.908,2.393,-63.6425,32.9465,0.2,0.0,0.0,0.0,-0.7967,-0.7923,-0.65,1.2981,-0.361,1,0,0,0.846,0.48,0.52,0,0,0.0,1,LANDING_PHASE,-0.8548,-0.8235,1.3554,1.3436
463,1.924,-62.3038,34.2738,1.6299,-0.8363,-0.8148,-0.6453,1.63,1.885,2.366,-63.6425,32.9465,0.2,0.0,0.0,0.0,-0.7951,-0.7899,-0.65,1.2956,-0.3938,1,0,0,0.848,0.485,0.515,0,0,0.0,1,LANDING_PHASE,-0.8363,-0.8148,1.3387,1.3273
464,1.929,-62.3202,34.2577,1.617,-0.8192,-0.8052,-0.6459,1.617,1.862,2.34,-63.6425,32.9465,0.2,0.0,0.0,0.0,-0.7936,-0.7877,-0.65,1.2933,-0.3566,1,0,0,0.848,0.481,0.519,0,0,0.0,1,LANDING_PHASE,-0.8192,-0.8052,1.3223,1.3112
465,1.933,-62.3362,34.2418,1.6041,-0.803,-0.7972,-0.6461,1.604,1.84,2.314,-63.6425,32.9465,0.2,0.0,0.0,0.0,-0.7921,-0.7854,-0.65,1.291,-0.3962,1,0,0,0.85,0.481,0.519,0,0,0.0,1,LANDING_PHASE,-0.803,-0.7972,1.3062,1.2952
466,1.937,-62.352,34.226,1.5912,-0.7881,-0.7882,-0.6461,1.591,1.817,2.289,-63.6425,32.9465,0.2,0.0,0.0,0.0,-0.7908,-0.7832,-0.65,1.2889,-0.3487,1,0,0,0.85,0.476,0.524,0,0,0.0,1,LANDING_PHASE,-0.7881,-0.7882,1.2905,1.2795
467,1.942,-62.3675,34.2104,1.5782,-0.7759,-0.7812,-0.6461,1.578,1.795,2.263,-63.6425,32.9465,0.2,0.0,0.0,0.0,-0.7893,-0.7809,-0.65,1.2866,-0.3874,1,0,0,0.851,0.478,0.522,0,0,0.0,1,LANDING_PHASE,-0.7759,-0.7812,1.275,1.2638
468,1.946,-62.3828,34.1949,1.5653,-0.7648,-0.7729,-0.6463,1.565,1.773,2.238,-63.6425,32.9465,0.2,0.0,0.0,0.0,-0.7878,-0.7788,-0.65,1.2844,-0.3552,1,0,0,0.851,0.47,0.53,0,0,0.0,1,LANDING_PHASE,-0.7648,-0.7729,1.2597,1.2484
469,1.95,-62.3979,34.1796,1.5524,-0.7561,-0.7661,-0.646,1.552,1.752,2.213,-63.6425,32.9465,0.2,0.0,0.0,0.0,-0.7538,-0.745,-0.266,1.0927,-0.3939,1,1,0,0.854,0.48,0.52,0,0,0.0,1,DESCENT_PHASE,-0.7561,-0.7661,1.2445,1.2331
470,1.955,-62.4128,34.1645,1.5423,-0.7434,-0.7541,-0.5035,1.542,1.731,2.19,-63.6425,32.9465,0.2,0.0,0.0,0.0,-0.7197,-0.7112,-0.17,1.026,-0.3346,1,1,0,0.853,0.471,0.529,0,0,0.0,1,DESCENT_PHASE,-0.7434,-0.7541,1.2297,1.218
471,1.959,-62.4275,34.1496,1.5348,-0.7347,-0.7464,-0.3782,1.535,1.71,2.169,-63.6425,32.9465,0.2,0.0,0.0,0.0,-0.6857,-0.6774,-0.3831,1.0372,-0.3834,1,1,0,0.855,0.476,0.524,0,0,0.0,1,DESCENT_PHASE,-0.7347,-0.7464,1.215,1.2031
472,1.963,-62.4421,34.1348,1.5272,-0.7291,-0.7391,-0.3789,1.527,1.689,2.148,-63.6425,32.9465,0.2,0.0,0.0,0.0,-0.6516,-0.6435,-0.3819,0.9922,-0.3465,1,1,0,0.854,0.474,0.526,0,0,0.0,1,DESCENT_PHASE,-0.7291,-0.7391,1.2004,1.1883
473,1.968,-62.4566,34.1201,1.5196,-0.7253,-0.7334,-0.3779,1.52,1.668,2.127,-63.6425,32.9465,0.2,0.0,0.0,0.0,-0.6176,-0.6097,-0.3835,0.9488,-0.3717,1,1,0,0.856,0.48,0.52,0,0,0.0,1,DESCENT_PHASE,-0.7253,-0.7334,1.1859,1.1736
474,1.972,-62.471,34.1056,1.5121,-0.7221,-0.7263,-0.3777,1.512,1.648,2.106,-63.6425,32.9465,0.2,0.0,0.0,0.0,-0.5835,-0.5759,-0.384,0.9053,-0.356,1,1,0,0.856,0.476,0.524,0,0,0.0,1,DESCENT_PHASE,-0.7221,-0.7263,1.1715,1.1591
475,1.976,-62.4854,34.0912,1.5045,-0.716,-0.7193,-0.3775,1.505,1.628,2.086,-63.6425,32.9465,0.2,0.0,0.0,0.0,-0.5494,-0.5421,-0.3842,0.8622,-0.3579,1,1,0,0.856,0.48,0.52,0,0,0.0,1,DESCENT_PHASE,-0.716,-0.7193,1.1571,1.1447
476,1.981,-62.4995,34.077,1.497,-0.71,-0.711,-0.3769,1.497,1.608,2.066,-63.6425,32.9465,0.2,0.0,0.0,0.0,-0.5153,-0.5083,-0.3853,0.82,-0.3255,1,1,0,0.854,0.481,0.519,0,0,0.0,1,DESCENT_PHASE,-0.71,-0.711,1.1429,1.1305
477,1.985,-62.5136,34.063,1.4895,-0.7015,-0.701,-0.3759,1.489,1.588,2.045,-63.6425,32.9465,0.2,0.0,0.0,0.0,-0.4811,-0.4746,-0.3869,0.7787,-0.3685,1,1,0,0.854,0.481,0.519,0,0,0.0,1,DESCENT_PHASE,-0.7015,-0.701,1.1289,1.1165
478,1.99,-62.5274,34.0493,1.4819,-0.6906,-0.6866,-0.3756,1.482,1.568,2.026,-63.6425,32.9465,0.2,0.0,0.0,0.0,-0.4469,-0.4409,-0.3875,0.7378,-0.331,1,1,0,0.852,0.485,0.515,0,0,0.0,1,DESCENT_PHASE,-0.6906,-0.6866,1.1151,1.1027
479,1.995,-62.541,34.0358,1.4745,-0.6785,-0.6706,-0.3745,1.474,1.549,2.006,-63.6425,32.9465,0.2,0.0,0.0,0.0,-0.4125,-0.4075,-0.3893,0.6984,-0.3751,1,1,0,0.853,0.486,0.514,0,0,0.0,1,DESCENT_PHASE,-0.6785,-0.6706,1.1015,1.0893
480,1.999,-62.5542,34.0228,1.467,-0.6636,-0.6501,-0.3743,1.467,1.531,1.987,-63.6425,32.9465,0.2,0.0,0.0,0.0,-0.3819,-0.3788,-0.3896,0.6642,-0.3408,1,1,0,0.851,0.474,0.526,0,0,0.0,1,DESCENT_PHASE,-0.6636,-0.6501,1.0882,1.0763
481,2.004,-62.5672,34.0103,1.4595,-0.6472,-0.6278,-0.3734,1.459,1.513,1.968,-63.6425,32.9465,0.2,0.0,0.0,0.0,-0.3826,-0.3807,-0.3911,0.6666,-0.3864,1,1,0,0.853,0.48,0.52,0,0,0.0,1,DESCENT_PHASE,-0.6472,-0.6278,1.0753,1.0637
482,2.009,-62.5797,33.9983,1.452,-0.6278,-0.6013,-0.3749,1.452,1.495,1.95,-63.6425,32.9465,0.2,0.0,0.0,0.0,-0.384,-0.3836,-0.3887,0.6676,-0.3657,1,1,0,0.853,0.483,0.517,0,0,0.0,1,DESCENT_PHASE,-0.6278,-0.6013,1.0628,1.0517
483,2.014,-62.5919,33.9868,1.4445,-0.6064,-0.5734,-0.3757,1.444,1.478,1.933,-63.6425,32.9465,0.2,0.0,0.0,0.0,-0.3859,-0.3871,-0.3873,0.6699,-0.4007,1,1,0,0.855,0.487,0.513,0,0,0.0,1,DESCENT_PHASE,-0.6064,-0.5734,1.0506,1.0403
484,2.019,-62.6035,33.9759,1.4369,-0.5822,-0.5427,-0.3781,1.437,1.463,1.915,-63.6425,32.9465,0.2,0.0,0.0,0.0,-0.3885,-0.3913,-0.3833,0.6716,-0.3947,1,1,0,0.856,0.487,0.513,0,0,0.0,1,DESCENT_PHASE,-0.5822,-0.5427,1.039,1.0294
485,2.025,-62.6146,33.9657,1.4293,-0.5558,-0.5126,-0.3792,1.429,1.447,1.899,-63.6425,32.9465,0.2,0.0,0.0,0.0,-0.3918,-0.3958,-0.3814,0.675,-0.4058,1,1,0,0.859,0.495,0.505,0,0,0.0,1,DESCENT_PHASE,-0.5558,-0.5126,1.0279,1.0191
486,2.03,-62.6252,33.956,1.4217,-0.5298,-0.4824,-0.3803,1.422,1.433,1.883,-63.6425,32.9465,0.2,0.0,0.0,0.0,-0.3951,-0.4004,-0.3794,0.6786,-0.4029,1,1,0,0.859,0.487,0.513,0,0,0.0,1,DESCENT_PHASE,-0.5298,-0.4824,1.0173,1.0095
487,2.035,-62.6353,33.947,1.4141,-0.5022,-0.454,-0.3815,1.414,1.42,1.868,-63.6425,32.9465,0.2,0.0,0.0,0.0,-0.399,-0.405,-0.3774,0.6824,-0.411,1,1,0,0.862,0.499,0.501,0,0,0.0,1,DESCENT_PHASE,-0.5022,-0.454,1.0072,1.0004
488,2.04,-62.6448,33.9384,1.4065,-0.4762,-0.4267,-0.3822,1.406,1.407,1.853,-63.6425,32.9465,0.2,0.0,0.0,0.0,-0.4027,-0.4096,-0.3763,0.6867,-0.4017,1,1,0,0.863,0.501,0.499,0,0,0.0,1,DESCENT_PHASE,-0.4762,-0.4267,0.9977,0.9919
489,2.044,-62.6538,33.9304,1.3988,-0.4495,-0.4022,-0.3828,1.399,1.395,1.839,-63.6425,32.9465,0.2,0.0,0.0,0.0,-0.4068,-0.4137,-0.3752,0.691,-0.4107,1,1,0,0.865,0.505,0.495,0,0,0.0,1,DESCENT_PHASE,-0.4495,-0.4022,0.9887,0.9838
490,2.049,-62.6623,33.9228,1.3911,-0.4255,-0.3793,-0.383,1.391,1.383,1.826,-63.6425,32.9465,0.2,0.0,0.0,0.0,-0.4104,-0.4177,-0.375,0.6954,-0.4116,1,1,0,0.867,0.51,0.49,0,0,0.0,1,DESCENT_PHASE,-0.4255,-0.3793,0.9802,0.9763
491,2.054,-62.6703,33.9156,1.3835,-0.402,-0.3595,-0.3826,1.383,1.373,1.812,-63.6425,32.9465,0.2,0.0,0.0,0.0,-0.4142,-0.4212,-0.3755,0.7,-0.4166,1,1,0,0.871,0.505,0.495,0,0,0.0,1,DESCENT_PHASE,-0.402,-0.3595,0.9722,0.9691
492,2.058,-62.678,33.9087,1.3758,-0.3819,-0.3427,-0.3822,1.376,1.362,1.8,-63.6425,32.9465,0.2,0.0,0.0,0.0,-0.4174,-0.4242,-0.3763,0.7041,-0.402,1,1,0,0.872,0.508,0.492,0,0,0.0,1,DESCENT_PHASE,-0.3819,-0.3427,0.9645,0.9622
493,2.063,-62.6852,33.9021,1.3682,-0.3621,-0.3299,-0.3816,1.368,1.353,1.787,-63.6425,32.9465,0.2,0.0,0.0,0.0,-0.4206,-0.4264,-0.3772,0.7078,-0.4087,1,1,0,0.875,0.512,0.488,0,0,0.0,1,DESCENT_PHASE,-0.3621,-0.3299,0.9573,0.9556
494,2.068,-62.6921,33.8958,1.3606,-0.3462,-0.3198,-0.3813,1.361,1.343,1.775,-63.6425,32.9465,0.2,0.0,0.0,0.0,-0.4232,-0.4281,-0.3778,0.7107,-0.3918,1,1,0,0.876,0.518,0.482,0,0,0.0,1,DESCENT_PHASE,-0.3462,-0.3198,0.9504,0.9492
495,2.073,-62.6988,33.8895,1.353,-0.3311,-0.3135,-0.381,1.353,1.334,1.763,-63.6425,32.9465,0.2,0.0,0.0,0.0,-0.4257,-0.429,-0.3783,0.713,-0.4074,1,1,0,0.88,0.525,0.475,0,0,0.0,1,DESCENT_PHASE,-0.3311,-0.3135,0.9437,0.9429
496,2.077,-62.7052,33.8833,1.3454,-0.3201,-0.3095,-0.3797,1.345,1.325,1.752,-63.6425,32.9465,0.2,0.0,0.0,0.0,-0.4274,-0.4294,-0.3805,0.7154,-0.383,1,1,0,0.881,0.523,0.477,0,0,0.0,1,DESCENT_PHASE,-0.3201,-0.3095,0.9373,0.9368
497,2.081,-62.7114,33.8771,1.3378,-0.3101,-0.3091,-0.3792,1.338,1.316,1.74,-63.6425,32.9465,0.2,0.0,0.0,0.0,-0.4291,-0.429,-0.3814,0.7167,-0.3917,1,1,0,0.883,0.531,0.469,0,0,0.0,1,DESCENT_PHASE,-0.3101,-0.3091,0.9311,0.9306
498,2.086,-62.7174,33.8709,1.3302,-0.3041,-0.311,-0.3786,1.33,1.308,1.728,-63.6425,32.9465,0.2,0.0,0.0,0.0,-0.4299,-0.428,-0.3823,0.7171,-0.3769,1,1,0,0.884,0.525,0.475,0,0,0.0,1,DESCENT_PHASE,-0.3041,-0.311,0.925,0.9244
499,2.091,-62.7234,33.8646,1.3226,-0.2993,-0.3158,-0.3787,1.323,1.299,1.717,-63.6425,32.9465,0.2,0.0,0.0,0.0,-0.4305,-0.4264,-0.3823,0.7165,-0.3956,1,1,0,0.886,0.532,0.468,0,0,0.0,1,DESCENT_PHASE,-0.2993,-0.3158,0.9191,0.918
500,2.095,-62.7294,33.8581,1.3151,-0.2989,-0.322,-0.378,1.315,1.29,1.705,-63.6425,32.9465,0.2,0.0,0.0,0.0,-0.4303,-0.4245,-0.3835,0.7158,-0.3739,1,1,0,0.887,0.53,0.47,0,0,0.0,1,DESCENT_PHASE,-0.2989,-0.322,0.9131,0.9116
501,2.1,-62.7354,33.8515,1.3075,-0.2997,-0.331,-0.3779,1.308,1.281,1.694,-63.6425,32.9465,0.2,0.0,0.0,0.0,-0.4298,-0.4218,-0.3836,0.714,-0.3675,1,1,0,0.888,0.53,0.47,0,0,0.0,1,DESCENT_PHASE,-0.2997,-0.331,0.9071,0.905
502,2.105,-62.7415,33.8447,1.3,-0.3045,-0.3411,-0.3781,1.3,1.272,1.682,-63.6425,32.9465,0.2,0.0,0.0,0.0,-0.4285,-0.4188,-0.3832,0.7112,-0.3571,1,1,0,0.888,0.53,0.47,0,0,0.0,1,DESCENT_PHASE,-0.3045,-0.3411,0.901,0.8982
503,2.11,-62.7477,33.8377,1.2924,-0.3109,-0.3519,-0.3779,1.292,1.263,1.67,-63.6425,32.9465,0.2,0.0,0.0,0.0,-0.4268,-0.4156,-0.3835,0.7085,-0.3765,1,1,0,0.889,0.529,0.471,0,0,0.0,1,DESCENT_PHASE,-0.3109,-0.3519,0.8948,0.8911
504,2.12,-62.7541,33.8304,1.2848,-0.3195,-0.362,-0.3789,1.285,1.253,1.658,-63.6425,32.9465,0.2,0.0,0.0,0.0,-0.4245,-0.4125,-0.3819,0.7044,-0.3606,1,1,0,0.889,0.528,0.472,0,0,0.0,1,DESCENT_PHASE,-0.3195,-0.362,0.8884,0.8839
505,2.129,-62.7606,33.823,1.2773,-0.3274,-0.3729,-0.3783,1.277,1.243,1.645,-63.6425,32.9465,0.2,0.0,0.0,0.0,-0.4224,-0.4091,-0.3829,0.7017,-0.3832,1,1,0,0.89,0.532,0.468,0,0,0.0,1,DESCENT_PHASE,-0.3274,-0.3729,0.8818,0.8764
506,2.139,-62.7674,33.8153,1.2697,-0.3377,-0.383,-0.3786,1.27,1.233,1.632,-63.6425,32.9465,0.2,0.0,0.0,0.0,-0.4198,-0.4058,-0.3824,0.6979,-0.3707,1,1,0,0.89,0.533,0.467,0,0,0.0,1,DESCENT_PHASE,-0.3377,-0.383,0.8751,0.8688
507,2.146,-62.7743,33.8074,1.2621,-0.347,-0.394,-0.3796,1.262,1.223,1.62,-63.6425,32.9465,0.2,0.0,0.0,0.0,-0.4173,-0.4023,-0.3806,0.6934,-0.3682,1,1,0,0.89,0.536,0.464,0,0,0.0,1,DESCENT_PHASE,-0.347,-0.394,0.8681,0.8609
508,2.152,-62.7815,33.7993,1.2545,-0.3583,-0.4046,-0.3799,1.254,1.212,1.606,-63.6425,32.9465,0.2,0.0,0.0,0.0,-0.4142,-0.3988,-0.3801,0.6893,-0.344,1,1,0,0.889,0.528,0.472,0,0,0.0,1,DESCENT_PHASE,-0.3583,-0.4046,0.861,0.8528
509,2.162,-62.7889,33.791,1.2469,-0.3693,-0.4146,-0.3792,1.247,1.201,1.593,-63.6425,32.9465,0.2,0.0,0.0,0.0,-0.4113,-0.3954,-0.3813,0.6862,-0.3689,1,1,0,0.889,0.529,0.471,0,0,0.0,1,DESCENT_PHASE,-0.3693,-0.4146,0.8536,0.8445
510,2.172,-62.7965,33.7826,1.2393,-0.3807,-0.4217,-0.3791,1.239,1.189,1.58,-63.6425,32.9465,0.2,0.0,0.0,0.0,-0.4081,-0.3926,-0.3815,0.6827,-0.3599,1,1,0,0.888,0.526,0.474,0,0,0.0,1,DESCENT_PHASE,-0.3807,-0.4217,0.846,0.8361
511,2.182,-62.8043,33.774,1.2317,-0.3902,-0.4278,-0.3795,1.232,1.178,1.566,-63.6425,32.9465,0.2,0.0,0.0,0.0,-0.4053,-0.39,-0.3808,0.6792,-0.3784,1,1,0,0.889,0.524,0.476,0,0,0.0,1,DESCENT_PHASE,-0.3902,-0.4278,0.8382,0.8275
512,2.191,-62.8123,33.7654,1.2242,-0.401,-0.4319,-0.3791,1.224,1.166,1.552,-63.6425,32.9465,0.2,0.0,0.0,0.0,-0.4021,-0.3879,-0.3816,0.6765,-0.3653,1,1,0,0.888,0.522,0.478,0,0,0.0,1,DESCENT_PHASE,-0.401,-0.4319,0.8302,0.8189
513,2.201,-62.8205,33.7567,1.2166,-0.4094,-0.4353,-0.3793,1.217,1.154,1.538,-63.6425,32.9465,0.2,0.0,0.0,0.0,-0.3994,-0.3859,-0.3812,0.6736,-0.3824,1,1,0,0.889,0.524,0.476,0,0,0.0,1,DESCENT_PHASE,-0.4094,-0.4353,0.822,0.8102
514,2.213,-62.8289,33.748,1.209,-0.4188,-0.4368,-0.379,1.209,1.142,1.524,-63.6425,32.9465,0.2,0.0,0.0,0.0,-0.3963,-0.3845,-0.3817,0.6713,-0.3684,1,1,0,0.889,0.523,0.477,0,0,0.0,1,DESCENT_PHASE,-0.4188,-0.4368,0.8136,0.8014
515,2.225,-62.8374,33.7392,1.2014,-0.4257,-0.4379,-0.379,1.201,1.13,1.51,-63.6425,32.9465,0.2,0.0,0.0,0.0,-0.3938,-0.3831,-0.3817,0.669,-0.3853,1,1,0,0.89,0.52,0.48,0,0,0.0,1,DESCENT_PHASE,-0.4257,-0.4379,0.8051,0.7927
516,2.236,-62.8461,33.7305,1.1938,-0.4331,-0.4374,-0.3788,1.194,1.118,1.496,-63.6425,32.9465,0.2,0.0,0.0,0.0,-0.3911,-0.3822,-0.3821,0.6671,-0.3707,1,1,0,0.89,0.515,0.485,0,0,0.0,1,DESCENT_PHASE,-0.4331,-0.4374,0.7964,0.7839
517,2.251,-62.8548,33.7217,1.1863,-0.4377,-0.4365,-0.379,1.186,1.105,1.481,-63.6425,32.9465,0.2,0.0,0.0,0.0,-0.389,-0.3814,-0.3817,0.6652,-0.387,1,1,0,0.891,0.52,0.48,0,0,0.0,1,DESCENT_PHASE,-0.4377,-0.4365,0.7877,0.7752
518,2.261,-62.8637,33.713,1.1787,-0.4425,-0.4343,-0.3786,1.179,1.093,1.467,-63.6425,32.9465,0.2,0.0,0.0,0.0,-0.3868,-0.381,-0.3825,0.6641,-0.371,1,1,2,0.891,0.518,0.482,0,0,0.0,1,SETTLE_PHASE,-0.4425,-0.4343,0.7788,0.7665
519,2.268,-62.8726,33.7044,1.1732,-0.4454,-0.4309,-0.2738,1.173,1.08,1.454,-63.6425,32.9465,0.2,0.0,0.0,0.0,-0.385,-0.381,-0.5605,0.7794,-0.3927,1,1,2,0.894,0.53,0.47,0,0,0.0,1,SETTLE_PHASE,-0.4454,-0.4309,0.7699,0.7579
520,2.272,-62.8815,33.6959,1.1691,-0.4477,-0.4263,-0.2077,1.169,1.068,1.442,-63.6425,32.9465,0.2,0.0,0.0,0.0,-0.3834,-0.3813,-0.673,0.8633,-0.3743,1,1,2,0.894,0.528,0.472,0,0,0.0,1,SETTLE_PHASE,-0.4477,-0.4263,0.7609,0.7494
521,2.279,-62.8904,33.6874,1.1657,-0.4446,-0.4226,-0.1663,1.166,1.056,1.431,-63.6425,32.9465,0.2,0.0,0.0,0.0,-0.3831,-0.3814,-0.7433,0.9191,-0.3554,1,1,2,0.953,0.531,0.469,0,0,0.0,1,SETTLE_PHASE,-0.4446,-0.4226,0.7521,0.7409
522,2.283,-62.8992,33.6791,1.1629,-0.4408,-0.4181,-0.1402,1.163,1.044,1.42,-63.6425,32.9465,0.2,0.0,0.0,0.0,-0.383,-0.3818,-0.7877,0.9555,-0.3997,1,1,2,0.954,0.538,0.462,0,0,0.0,1,SETTLE_PHASE,-0.4408,-0.4181,0.7432,0.7325
523,2.288,-62.9079,33.6709,1.1605,-0.434,-0.4109,-0.1232,1.16,1.032,1.41,-63.6425,32.9465,0.2,0.0,0.0,0.0,-0.3837,-0.3829,-0.8166,0.9801,-0.3532,1,1,2,0.962,0.534,0.466,0,0,0.0,1,SETTLE_PHASE,-0.434,-0.4109,0.7346,0.7243
524,2.294,-62.9164,33.6628,1.1582,-0.4259,-0.4047,-0.1123,1.158,1.02,1.399,-63.6425,32.9465,0.2,0.0,0.0,0.0,-0.3849,-0.3838,-0.8352,0.9964,-0.3954,1,1,2,0.962,0.538,0.462,0,0,0.0,1,SETTLE_PHASE,-0.4259,-0.4047,0.726,0.7162
525,2.299,-62.9247,33.6549,1.1561,-0.4149,-0.3958,-0.1058,1.156,1.008,1.39,-63.6425,32.9465,0.2,0.0,0.0,0.0,-0.3868,-0.3854,-0.8462,1.0071,-0.3603,1,1,2,0.962,0.537,0.463,0,0,0.0,1,SETTLE_PHASE,-0.4149,-0.3958,0.7177,0.7083
526,2.304,-62.9328,33.6471,1.1541,-0.4024,-0.3873,-0.1016,1.154,0.997,1.38,-63.6425,32.9465,0.2,0.0,0.0,0.0,-0.3893,-0.387,-0.8533,1.0146,-0.4026,1,1,2,0.962,0.536,0.464,0,0,0.0,1,SETTLE_PHASE,-0.4024,-0.3873,0.7097,0.7006
527,2.308,-62.9406,33.6396,1.1521,-0.3889,-0.3766,-0.0993,1.152,0.986,1.371,-63.6425,32.9465,0.2,0.0,0.0,0.0,-0.3922,-0.3892,-0.8573,1.0199,-0.3561,1,1,2,0.961,0.534,0.466,0,0,0.0,1,SETTLE_PHASE,-0.3889,-0.3766,0.7019,0.693
528,2.313,-62.9481,33.6322,1.1501,-0.3754,-0.3667,-0.0978,1.15,0.976,1.362,-63.6425,32.9465,0.2,0.0,0.0,0.0,-0.3951,-0.3912,-0.8597,1.0238,-0.3984,1,1,2,0.962,0.536,0.464,0,0,0.0,1,SETTLE_PHASE,-0.3754,-0.3667,0.6944,0.6857
529,2.318,-62.9553,33.6252,1.1482,-0.3607,-0.3543,-0.0975,1.148,0.966,1.353,-63.6425,32.9465,0.2,0.0,0.0,0.0,-0.3985,-0.394,-0.8602,1.0266,-0.3618,1,1,2,0.96,0.532,0.468,0,0,0.0,1,SETTLE_PHASE,-0.3607,-0.3543,0.6872,0.6786
530,2.323,-62.9622,33.6183,1.1462,-0.346,-0.3422,-0.0974,1.146,0.956,1.345,-63.6425,32.9465,0.2,0.0,0.0,0.0,-0.4019,-0.3968,-0.8605,1.0293,-0.4042,1,1,2,0.962,0.534,0.466,0,0,0.0,1,SETTLE_PHASE,-0.346,-0.3422,0.6803,0.6718
531,2.328,-62.9688,33.6118,1.1443,-0.3315,-0.3279,-0.0978,1.144,0.947,1.337,-63.6425,32.9465,0.2,0.0,0.0,0.0,-0.4054,-0.4002,-0.8598,1.0314,-0.3785,1,1,2,0.962,0.532,0.468,0,0,0.0,1,SETTLE_PHASE,-0.3315,-0.3279,0.6736,0.6652
532,2.334,-62.9752,33.6055,1.1423,-0.3183,-0.3145,-0.0982,1.142,0.938,1.329,-63.6425,32.9465,0.2,0.0,0.0,0.0,-0.4086,-0.4034,-0.859,1.0332,-0.4124,1,1,2,0.965,0.536,0.464,0,0,0.0,1,SETTLE_PHASE,-0.3183,-0.3145,0.6673,0.6589
533,2.34,-62.9813,33.5995,1.1403,-0.3046,-0.3002,-0.0985,1.14,0.929,1.322,-63.6425,32.9465,0.2,0.0,0.0,0.0,-0.412,-0.407,-0.8585,1.0356,-0.3764,1,1,2,0.965,0.532,0.468,0,0,0.0,1,SETTLE_PHASE,-0.3046,-0.3002,0.6612,0.6529
534,2.346,-62.9871,33.5937,1.1384,-0.2915,-0.2884,-0.0994,1.138,0.921,1.315,-63.6425,32.9465,0.2,0.0,0.0,0.0,-0.4152,-0.4099,-0.8571,1.0368,-0.4131,1,1,2,0.965,0.541,0.459,0,0,0.0,1,SETTLE_PHASE,-0.2915,-0.2884,0.6554,0.6472
535,2.353,-62.9927,33.5882,1.1364,-0.2779,-0.276,-0.0998,1.136,0.913,1.308,-63.6425,32.9465,0.2,0.0,0.0,0.0,-0.4187,-0.413,-0.8563,1.0388,-0.3674,1,1,2,0.967,0.537,0.463,0,0,0.0,1,SETTLE_PHASE,-0.2779,-0.276,0.6498,0.6416
536,2.361,-62.998,33.5828,1.1344,-0.265,-0.2664,-0.0997,1.134,0.906,1.301,-63.6425,32.9465,0.2,0.0,0.0,0.0,-0.4221,-0.4153,-0.8565,1.0413,-0.4047,1,1,2,0.967,0.548,0.452,0,0,0.0,1,SETTLE_PHASE,-0.265,-0.2664,0.6445,0.6363
537,2.366,-63.003,33.5777,1.1324,-0.252,-0.2564,-0.0997,1.132,0.898,1.295,-63.6425,32.9465,0.2,0.0,0.0,0.0,-0.4255,-0.4178,-0.8565,1.0437,-0.3572,1,1,2,0.967,0.546,0.454,0,0,0.0,1,SETTLE_PHASE,-0.252,-0.2564,0.6395,0.6312
538,2.371,-63.0078,33.5727,1.1304,-0.2404,-0.249,-0.0996,1.13,0.892,1.289,-63.6425,32.9465,0.2,0.0,0.0,0.0,-0.4287,-0.4195,-0.8567,1.0458,-0.394,1,1,2,0.967,0.551,0.449,0,0,0.0,1,SETTLE_PHASE,-0.2404,-0.249,0.6347,0.6262
539,2.376,-63.0124,33.5679,1.1284,-0.229,-0.241,-0.1002,1.128,0.885,1.283,-63.6425,32.9465,0.2,0.0,0.0,0.0,-0.4318,-0.4215,-0.8556,1.047,-0.356,1,1,2,0.967,0.548,0.452,0,0,0.0,1,SETTLE_PHASE,-0.229,-0.241,0.6301,0.6214
540,2.383,-63.0168,33.5632,1.1264,-0.2191,-0.2353,-0.0998,1.126,0.879,1.277,-63.6425,32.9465,0.2,0.0,0.0,0.0,-0.4346,-0.4227,-0.8563,1.0492,-0.3967,1,1,2,0.968,0.548,0.452,0,0,0.0,1,SETTLE_PHASE,-0.2191,-0.2353,0.6257,0.6167
541,2.388,-63.021,33.5586,1.1244,-0.2098,-0.229,-0.0994,1.124,0.872,1.271,-63.6425,32.9465,0.2,0.0,0.0,0.0,-0.4367,-0.4235,-0.8558,1.05,-0.3525,1,1,2,0.968,0.547,0.453,0,0,0.0,1,SETTLE_PHASE,-0.2098,-0.229,0.6215,0.6121
542,2.394,-63.025,33.5541,1.1224,-0.2026,-0.2249,-0.0991,1.122,0.866,1.265,-63.6425,32.9465,0.2,0.0,0.0,0.0,-0.4381,-0.4236,-0.8551,1.05,-0.3928,1,1,2,0.969,0.545,0.455,0,0,0.0,1,SETTLE_PHASE,-0.2026,-0.2249,0.6174,0.6076
543,2.401,-63.029,33.5497,1.1204,-0.1958,-0.2198,-0.0987,1.12,0.86,1.26,-63.6425,32.9465,0.2,0.0,0.0,0.0,-0.4393,-0.4239,-0.8543,1.05,-0.3488,1,1,2,0.969,0.542,0.458,0,0,0.0,1,SETTLE_PHASE,-0.1958,-0.2198,0.6135,0.6032
544,2.406,-63.0328,33.5454,1.1185,-0.191,-0.2167,-0.0984,1.118,0.855,1.255,-63.6425,32.9465,0.2,0.0,0.0,0.0,-0.4403,-0.4239,-0.8538,1.05,-0.3886,1,1,2,0.969,0.543,0.457,0,0,0.0,1,SETTLE_PHASE,-0.191,-0.2167,0.6097,0.5989
545,2.412,-63.0365,33.5412,1.1165,-0.1866,-0.212,-0.0983,1.117,0.849,1.249,-63.6425,32.9465,0.2,0.0,0.0,0.0,-0.4412,-0.4244,-0.8531,1.05,-0.3527,1,1,2,0.969,0.539,0.461,0,0,0.0,1,SETTLE_PHASE,-0.1866,-0.212,0.606,0.5946
546,2.419,-63.0402,33.537,1.1145,-0.1839,-0.2089,-0.098,1.115,0.843,1.244,-63.6425,32.9465,0.2,0.0,0.0,0.0,-0.4417,-0.4245,-0.8528,1.05,-0.3921,1,1,2,0.969,0.54,0.46,0,0,0.0,1,SETTLE_PHASE,-0.1839,-0.2089,0.6023,0.5904
547,2.424,-63.0438,33.5329,1.1126,-0.1818,-0.2046,-0.0978,1.113,0.838,1.239,-63.6425,32.9465,0.2,0.0,0.0,0.0,-0.4419,-0.425,-0.8524,1.05,-0.3532,1,1,2,0.969,0.536,0.464,0,0,0.0,1,SETTLE_PHASE,-0.1818,-0.2046,0.5987,0.5864
548,2.429,-63.0475,33.5289,1.1106,-0.1817,-0.202,-0.0976,1.111,0.833,1.234,-63.6425,32.9465,0.2,0.0,0.0,0.0,-0.4418,-0.4251,-0.8524,1.05,-0.3921,1,1,2,0.969,0.537,0.463,0,0,0.0,1,SETTLE_PHASE,-0.1817,-0.202,0.595,0.5823
549,2.435,-63.0511,33.5249,1.1087,-0.1819,-0.1981,-0.0974,1.109,0.827,1.229,-63.6425,32.9465,0.2,0.0,0.0,0.0,-0.4415,-0.4257,-0.8523,1.05,-0.3568,1,1,2,0.969,0.537,0.463,0,0,0.0,1,SETTLE_PHASE,-0.1819,-0.1981,0.5914,0.5784
550,2.441,-63.0548,33.521,1.1067,-0.1839,-0.196,-0.0973,1.107,0.822,1.224,-63.6425,32.9465,0.2,0.0,0.0,0.0,-0.4408,-0.426,-0.8525,1.05,-0.3951,1,1,2,0.969,0.539,0.461,0,0,0.0,1,SETTLE_PHASE,-0.1839,-0.196,0.5877,0.5744
551,2.447,-63.0585,33.5171,1.1048,-0.1859,-0.1929,-0.0971,1.105,0.816,1.219,-63.6425,32.9465,0.2,0.0,0.0,0.0,-0.4401,-0.4266,-0.8526,1.05,-0.3519,1,1,2,0.971,0.535,0.465,0,0,0.0,1,SETTLE_PHASE,-0.1859,-0.1929,0.584,0.5706
552,2.456,-63.0623,33.5133,1.1029,-0.1893,-0.1918,-0.0971,1.103,0.811,1.214,-63.6425,32.9465,0.2,0.0,0.0,0.0,-0.4391,-0.4268,-0.853,1.05,-0.3898,1,1,2,0.971,0.539,0.461,0,0,0.0,1,SETTLE_PHASE,-0.1893,-0.1918,0.5802,0.5667
553,2.462,-63.0661,33.5095,1.1009,-0.1926,-0.1893,-0.0971,1.101,0.806,1.209,-63.6425,32.9465,0.2,0.0,0.0,0.0,-0.438,-0.4275,-0.8531,1.05,-0.3624,1,1,2,0.971,0.539,0.461,0,0,0.0,1,SETTLE_PHASE,-0.1926,-0.1893,0.5764,0.563
554,2.467,-63.0701,33.5057,1.099,-0.1972,-0.1883,-0.0971,1.099,0.8,1.204,-63.6425,32.9465,0.2,0.0,0.0,0.0,-0.4366,-0.4279,-0.8537,1.05,-0.3998,1,1,2,0.971,0.543,0.457,0,0,0.0,1,SETTLE_PHASE,-0.1972,-0.1883,0.5724,0.5592
555,2.472,-63.0741,33.502,1.097,-0.2013,-0.1868,-0.097,1.097,0.795,1.198,-63.6425,32.9465,0.2,0.0,0.0,0.0,-0.4353,-0.4284,-0.8541,1.05,-0.3568,1,1,2,0.971,0.545,0.455,0,0,0.0,1,SETTLE_PHASE,-0.2013,-0.1868,0.5684,0.5555
556,2.476,-63.0782,33.4982,1.0951,-0.206,-0.1878,-0.097,1.095,0.789,1.193,-63.6425,32.9465,0.2,0.0,0.0,0.0,-0.4339,-0.4284,-0.8548,1.05,-0.394,1,1,2,0.971,0.549,0.451,0,0,0.0,1,SETTLE_PHASE,-0.206,-0.1878,0.5643,0.5517
557,2.482,-63.0824,33.4945,1.0932,-0.2101,-0.1878,-0.097,1.093,0.784,1.188,-63.6425,32.9465,0.2,0.0,0.0,0.0,-0.4325,-0.4286,-0.8554,1.05,-0.3508,1,1,2,0.971,0.547,0.453,0,0,0.0,1,SETTLE_PHASE,-0.2101,-0.1878,0.5601,0.5479
558,2.487,-63.0867,33.4907,1.0912,-0.2147,-0.1899,-0.097,1.091,0.778,1.183,-63.6425,32.9465,0.2,0.0,0.0,0.0,-0.4311,-0.4284,-0.8562,1.05,-0.3877,1,1,2,0.972,0.551,0.449,0,0,0.0,1,SETTLE_PHASE,-0.2147,-0.1899,0.5558,0.5441
559,2.493,-63.0911,33.4869,1.0893,-0.2186,-0.1906,-0.097,1.089,0.772,1.178,-63.6425,32.9465,0.2,0.0,0.0,0.0,-0.4298,-0.4285,-0.8568,1.05,-0.3444,1,1,2,0.971,0.548,0.452,0,0,0.0,1,SETTLE_PHASE,-0.2186,-0.1906,0.5514,0.5403
560,2.498,-63.0955,33.483,1.0873,-0.223,-0.1929,-0.0971,1.087,0.766,1.172,-63.6425,32.9465,0.2,0.0,0.0,0.0,-0.4285,-0.4283,-0.8576,1.05,-0.3812,1,1,2,0.972,0.552,0.448,0,0,0.0,1,SETTLE_PHASE,-0.223,-0.1929,0.5469,0.5365
561,2.503,-63.1001,33.4791,1.0854,-0.2264,-0.1935,-0.0977,1.085,0.76,1.167,-63.6425,32.9465,0.2,0.0,0.0,0.0,-0.4275,-0.4288,-0.8578,1.05,-0.344,1,1,2,0.972,0.552,0.448,0,0,0.0,1,SETTLE_PHASE,-0.2264,-0.1935,0.5424,0.5326
562,2.508,-63.1047,33.4752,1.0834,-0.2303,-0.1954,-0.0975,1.083,0.754,1.162,-63.6425,32.9465,0.2,0.0,0.0,0.0,-0.426,-0.4286,-0.8587,1.05,-0.3837,1,1,2,0.972,0.552,0.448,0,0,0.0,1,SETTLE_PHASE,-0.2303,-0.1954,0.5378,0.5287
563,2.513,-63.1093,33.4713,1.0815,-0.2331,-0.1954,-0.0974,1.081,0.748,1.156,-63.6425,32.9465,0.2,0.0,0.0,0.0,-0.4248,-0.4288,-0.8592,1.05,-0.3494,1,1,2,0.972,0.552,0.448,0,0,0.0,1,SETTLE_PHASE,-0.2331,-0.1954,0.5331,0.5248
564,2.519,-63.1141,33.4674,1.0795,-0.2362,-0.1965,-0.0973,1.08,0.742,1.151,-63.6425,32.9465,0.2,0.0,0.0,0.0,-0.4234,-0.4288,-0.8598,1.05,-0.3892,1,1,2,0.973,0.556,0.444,0,0,0.0,1,SETTLE_PHASE,-0.2362,-0.1965,0.5284,0.5209
565,2.523,-63.1188,33.4635,1.0776,-0.238,-0.196,-0.0972,1.078,0.736,1.145,-63.6425,32.9465,0.2,0.0,0.0,0.0,-0.4223,-0.4293,-0.8602,1.05,-0.3477,1,1,2,0.972,0.553,0.447,0,0,0.0,1,SETTLE_PHASE,-0.238,-0.196,0.5237,0.5169
566,2.529,-63.1236,33.4595,1.0756,-0.2397,-0.1967,-0.0972,1.076,0.73,1.14,-63.6425,32.9465,0.2,0.0,0.0,0.0,-0.4213,-0.4294,-0.8606,1.05,-0.3878,1,1,2,0.973,0.552,0.448,0,0,0.0,1,SETTLE_PHASE,-0.2397,-0.1967,0.5189,0.513
567,2.534,-63.1284,33.4556,1.0737,-0.24,-0.1952,-0.0972,1.074,0.723,1.134,-63.6425,32.9465,0.2,0.0,0.0,0.0,-0.4206,-0.4301,-0.8606,1.05,-0.3584,1,1,2,0.972,0.551,0.449,0,0,0.0,1,SETTLE_PHASE,-0.24,-0.1952,0.5141,0.5091
568,2.538,-63.1332,33.4517,1.0718,-0.2402,-0.1946,-0.0971,1.072,0.717,1.129,-63.6425,32.9465,0.2,0.0,0.0,0.0,-0.4198,-0.4305,-0.8608,1.05,-0.3988,1,1,2,0.973,0.561,0.439,0,0,0.0,1,SETTLE_PHASE,-0.2402,-0.1946,0.5093,0.5052
569,2.543,-63.138,33.4479,1.0698,-0.2386,-0.1926,-0.0971,1.07,0.711,1.124,-63.6425,32.9465,0.2,0.0,0.0,0.0,-0.4195,-0.4312,-0.8605,1.05,-0.361,1,1,2,0.973,0.558,0.442,0,0,0.0,1,SETTLE_PHASE,-0.2386,-0.1926,0.5045,0.5014
570,2.548,-63.1427,33.444,1.0679,-0.2363,-0.192,-0.097,1.068,0.705,1.118,-63.6425,32.9465,0.2,0.0,0.0,0.0,-0.4194,-0.4315,-0.8604,1.05,-0.4019,1,1,2,0.973,0.563,0.437,0,0,0.0,1,SETTLE_PHASE,-0.2363,-0.192,0.4998,0.4975
571,2.552,-63.1474,33.4403,1.0659,-0.2329,-0.1898,-0.097,1.066,0.699,1.113,-63.6425,32.9465,0.2,0.0,0.0,0.0,-0.4196,-0.4322,-0.86,1.05,-0.3585,1,1,2,0.973,0.559,0.441,0,0,0.0,1,SETTLE_PHASE,-0.2329,-0.1898,0.4951,0.4937
572,2.557,-63.152,33.4365,1.064,-0.2297,-0.1892,-0.0969,1.064,0.693,1.108,-63.6425,32.9465,0.2,0.0,0.0,0.0,-0.4199,-0.4324,-0.8598,1.05,-0.3996,1,1,2,0.973,0.562,0.438,0,0,0.0,1,SETTLE_PHASE,-0.2297,-0.1892,0.4905,0.4899
573,2.562,-63.1565,33.4327,1.0621,-0.2252,-0.1866,-0.097,1.062,0.687,1.103,-63.6425,32.9465,0.2,0.0,0.0,0.0,-0.4204,-0.4332,-0.8591,1.05,-0.3601,1,1,2,0.973,0.561,0.439,0,0,0.0,1,SETTLE_PHASE,-0.2252,-0.1866,0.486,0.4862
574,2.566,-63.1609,33.429,1.0601,-0.2208,-0.1851,-0.097,1.06,0.682,1.098,-63.6425,32.9465,0.2,0.0,0.0,0.0,-0.421,-0.4336,-0.8586,1.05,-0.4014,1,1,2,0.973,0.562,0.438,0,0,0.0,1,SETTLE_PHASE,-0.2208,-0.1851,0.4816,0.4825
575,2.571,-63.1652,33.4254,1.0582,-0.2158,-0.1816,-0.0972,1.058,0.676,1.093,-63.6425,32.9465,0.2,0.0,0.0,0.0,-0.4218,-0.4346,-0.8577,1.05,-0.3715,1,1,2,0.974,0.564,0.436,0,0,0.0,1,SETTLE_PHASE,-0.2158,-0.1816,0.4773,0.4789
576,2.576,-63.1694,33.4218,1.0562,-0.2114,-0.1791,-0.0977,1.056,0.671,1.088,-63.6425,32.9465,0.2,0.0,0.0,0.0,-0.4227,-0.4356,-0.8568,1.05,-0.4084,1,1,2,0.974,0.568,0.432,0,0,0.0,1,SETTLE_PHASE,-0.2114,-0.1791,0.473,0.4753
577,2.58,-63.1736,33.4183,1.0543,-0.2058,-0.1754,-0.0982,1.054,0.665,1.083,-63.6425,32.9465,0.2,0.0,0.0,0.0,-0.4238,-0.4368,-0.8556,1.05,-0.3642,1,1,2,0.974,0.566,0.434,0,0,0.0,1,SETTLE_PHASE,-0.2058,-0.1754,0.4689,0.4718
578,2.585,-63.1776,33.4148,1.0523,-0.2004,-0.1738,-0.0978,1.052,0.66,1.078,-63.6425,32.9465,0.2,0.0,0.0,0.0,-0.4246,-0.4369,-0.8552,1.05,-0.4016,1,1,2,0.974,0.571,0.429,0,0,0.0,1,SETTLE_PHASE,-0.2004,-0.1738,0.4649,0.4683
579,2.59,-63.1814,33.4114,1.0503,-0.1941,-0.1711,-0.0977,1.05,0.655,1.073,-63.6425,32.9465,0.2,0.0,0.0,0.0,-0.4257,-0.4374,-0.8544,1.05,-0.3573,1,1,2,0.975,0.566,0.434,0,0,0.0,1,SETTLE_PHASE,-0.1941,-0.1711,0.461,0.4649
580,2.594,-63.1852,33.408,1.0484,-0.1881,-0.1704,-0.0976,1.048,0.65,1.069,-63.6425,32.9465,0.2,0.0,0.0,0.0,-0.4269,-0.4373,-0.8538,1.05,-0.3945,1,1,2,0.975,0.574,0.426,0,0,0.0,1,SETTLE_PHASE,-0.1881,-0.1704,0.4573,0.4615
581,2.599,-63.1888,33.4046,1.0464,-0.1817,-0.1685,-0.0975,1.046,0.645,1.064,-63.6425,32.9465,0.2,0.0,0.0,0.0,-0.4283,-0.4374,-0.8531,1.05,-0.3468,1,1,2,0.975,0.574,0.426,0,0,0.0,1,SETTLE_PHASE,-0.1817,-0.1685,0.4536,0.4581
582,2.603,-63.1924,33.4013,1.0445,-0.1761,-0.1684,-0.0975,1.044,0.64,1.06,-63.6425,32.9465,0.2,0.0,0.0,0.0,-0.4296,-0.4371,-0.8526,1.05,-0.3837,1,1,2,0.975,0.574,0.426,0,0,0.0,1,SETTLE_PHASE,-0.1761,-0.1684,0.4501,0.4547
583,2.607,-63.1958,33.3979,1.0425,-0.1699,-0.1668,-0.0983,1.043,0.635,1.055,-63.6425,32.9465,0.2,0.0,0.0,0.0,-0.4315,-0.4376,-0.8513,1.05,-0.3497,1,1,2,0.975,0.573,0.427,0,0,0.0,1,SETTLE_PHASE,-0.1699,-0.1668,0.4467,0.4514
584,2.612,-63.1991,33.3946,1.0406,-0.1645,-0.1666,-0.098,1.041,0.63,1.051,-63.6425,32.9465,0.2,0.0,0.0,0.0,-0.4327,-0.4371,-0.851,1.05,-0.3913,1,1,2,0.975,0.573,0.427,0,0,0.0,1,SETTLE_PHASE,-0.1645,-0.1666,0.4434,0.4481
585,2.617,-63.2022,33.3913,1.0386,-0.1595,-0.165,-0.0977,1.039,0.626,1.046,-63.6425,32.9465,0.2,0.0,0.0,0.0,-0.4338,-0.437,-0.8505,1.05,-0.3488,1,1,2,0.975,0.568,0.432,0,0,0.0,1,SETTLE_PHASE,-0.1595,-0.165,0.4402,0.4448
586,2.622,-63.2054,33.388,1.0367,-0.1562,-0.165,-0.0975,1.037,0.621,1.042,-63.6425,32.9465,0.2,0.0,0.0,0.0,-0.4346,-0.4365,-0.8503,1.05,-0.3903,1,1,2,0.975,0.57,0.43,0,0,0.0,1,SETTLE_PHASE,-0.1562,-0.165,0.4371,0.4415
587,2.627,-63.2084,33.3847,1.0347,-0.1532,-0.1633,-0.0974,1.035,0.617,1.038,-63.6425,32.9465,0.2,0.0,0.0,0.0,-0.4353,-0.4366,-0.8499,1.05,-0.3519,1,1,2,0.975,0.562,0.438,0,0,0.0,1,SETTLE_PHASE,-0.1532,-0.1633,0.4341,0.4382
588,2.632,-63.2115,33.3815,1.0328,-0.1518,-0.1629,-0.0973,1.033,0.612,1.034,-63.6425,32.9465,0.2,0.0,0.0,0.0,-0.4357,-0.4364,-0.8499,1.05,-0.393,1,1,2,0.975,0.563,0.437,0,0,0.0,1,SETTLE_PHASE,-0.1518,-0.1629,0.431,0.4349
589,2.637,-63.2145,33.3783,1.0308,-0.1504,-0.1606,-0.0973,1.031,0.608,1.029,-63.6425,32.9465,0.2,0.0,0.0,0.0,-0.4359,-0.4367,-0.8496,1.05,-0.3601,1,1,2,0.975,0.557,0.443,0,0,0.0,1,SETTLE_PHASE,-0.1504,-0.1606,0.428,0.4317
590,2.642,-63.2175,33.3751,1.0289,-0.1504,-0.1595,-0.0972,1.029,0.604,1.025,-63.6425,32.9465,0.2,0.0,0.0,0.0,-0.4358,-0.4368,-0.8496,1.05,-0.401,1,1,2,0.975,0.567,0.433,0,0,0.0,1,SETTLE_PHASE,-0.1504,-0.1595,0.425,0.4285
591,2.647,-63.2205,33.3719,1.0269,-0.1502,-0.157,-0.0971,0.152,0.599,1.021,-63.6425,32.9465,0.2,0.0,0.0,0.0,-0.4357,-0.4373,-0.8494,1.05,-0.3584,1,1,2,0.975,0.562,0.438,0,0,0.0,1,SETTLE_PHASE,-0.1502,-0.157,0.422,0.4254
592,2.652,-63.2235,33.3688,1.025,-0.1509,-0.1561,-0.0971,0.15,0.595,1.017,-63.6425,32.9465,0.2,0.0,0.0,0.0,-0.4354,-0.4374,-0.8495,1.05,-0.3991,1,1,2,0.975,0.565,0.435,0,0,0.0,1,SETTLE_PHASE,-0.1509,-0.1561,0.419,0.4223
593,2.657,-63.2265,33.3657,1.0231,-0.1512,-0.1534,-0.0972,0.148,0.591,1.013,-63.6425,32.9465,0.2,0.0,0.0,0.0,-0.4351,-0.4382,-0.8492,1.05,-0.3674,1,1,2,0.975,0.562,0.438,0,0,0.0,1,SETTLE_PHASE,-0.1512,-0.1534,0.416,0.4192
594,2.662,-63.2296,33.3627,1.0211,-0.1524,-0.1518,-0.0978,0.146,0.586,1.009,-63.6425,32.9465,0.2,0.0,0.0,0.0,-0.435,-0.439,-0.8489,1.05,-0.4065,1,1,2,0.975,0.568,0.432,0,0,0.0,1,SETTLE_PHASE,-0.1524,-0.1518,0.4129,0.4162
595,2.667,-63.2326,33.3597,1.0191,-0.1528,-0.1489,-0.0975,0.144,0.582,1.005,-63.6425,32.9465,0.2,0.0,0.0,0.0,-0.4344,-0.4396,-0.8488,1.05,-0.3598,1,1,2,0.976,0.559,0.441,0,0,0.0,1,SETTLE_PHASE,-0.1528,-0.1489,0.4099,0.4132
596,2.671,-63.2357,33.3568,1.0172,-0.1536,-0.1479,-0.0973,0.142,0.578,1.001,-63.6425,32.9465,0.2,0.0,0.0,0.0,-0.4338,-0.4399,-0.849,1.05,-0.3966,1,1,2,0.976,0.566,0.434,0,0,0.0,1,SETTLE_PHASE,-0.1536,-0.1479,0.4068,0.4102
597,2.676,-63.2388,33.3539,1.0153,-0.1536,-0.1453,-0.0972,0.14,0.573,0.997,-63.6425,32.9465,0.2,0.0,0.0,0.0,-0.4334,-0.4406,-0.8488,1.05,-0.35,1,1,2,0.976,0.564,0.436,0,0,0.0,1,SETTLE_PHASE,-0.1536,-0.1453,0.4037,0.4073
598,2.681,-63.2419,33.351,1.0133,-0.154,-0.1441,-0.0972,0.138,0.569,0.993,-63.6425,32.9465,0.2,0.0,0.0,0.0,-0.433,-0.441,-0.8488,1.05,-0.3864,1,1,2,0.976,0.566,0.434,0,0,0.0,1,SETTLE_PHASE,-0.154,-0.1441,0.4006,0.4044
599,2.685,-63.2449,33.3482,1.0114,-0.1534,-0.1409,-0.0974,0.136,0.565,0.989,-63.6425,32.9465,0.2,0.0,0.0,0.0,-0.4329,-0.4421,-0.8483,1.05,-0.3617,1,1,2,0.976,0.569,0.431,0,0,0.0,1,SETTLE_PHASE,-0.1534,-0.1409,0.3976,0.4016
600,2.689,-63.248,33.3454,1.0094,-0.1531,-0.1388,-0.0973,0.134,0.561,0.985,-63.6425,32.9465,0.2,0.0,0.0,0.0,-0.4325,-0.4428,-0.8482,1.05,-0.3979,1,1,2,0.977,0.572,0.428,0,0,0.0,1,SETTLE_PHASE,-0.1531,-0.1388,0.3945,0.3989
601,2.693,-63.251,33.3427,1.0075,-0.1525,-0.1361,-0.0972,0.132,0.557,0.981,-63.6425,32.9465,0.2,0.0,0.0,0.0,-0.4304,-0.4418,-0.8497,1.05,-0.3513,1,1,2,0.977,0.572,0.428,0,0,0.0,1,SETTLE_PHASE,-0.1525,-0.1361,0.3914,0.3961
602,2.697,-63.2541,33.3399,1.0055,-0.1528,-0.1359,-0.0971,0.13,0.553,0.977,-63.6425,32.9465,0.2,0.0,0.0,0.0,-0.4276,-0.4397,-0.8522,1.05,-0.387,1,1,2,0.977,0.581,0.419,0,0,0.0,1,SETTLE_PHASE,-0.1528,-0.1359,0.3884,0.3934
603,2.701,-63.2571,33.3372,1.0036,-0.1526,-0.1346,-0.0977,0.128,0.549,0.973,-63.6425,32.9465,0.2,0.0,0.0,0.0,-0.4253,-0.4382,-0.8542,1.05,-0.348,1,1,2,0.977,0.58,0.42,0,0,0.0,1,SETTLE_PHASE,-0.1526,-0.1346,0.3853,0.3907
604,2.705,-63.2602,33.3345,1.0016,-0.1533,-0.1354,-0.0975,0.127,0.545,0.969,-63.6425,32.9465,0.2,0.0,0.0,0.0,-0.4222,-0.4357,-0.857,1.05,-0.3882,1,1,2,0.977,0.584,0.416,0,0,0.0,1,SETTLE_PHASE,-0.1533,-0.1354,0.3823,0.388
605,2.71,-63.2633,33.3318,0.9997,-0.1534,-0.135,-0.0972,0.125,0.541,0.965,-63.6425,32.9465,0.2,0.0,0.0,0.0,-0.4194,-0.4334,-0.8595,1.05,-0.3465,1,1,2,0.977,0.582,0.418,0,0,0.0,1,SETTLE_PHASE,-0.1534,-0.135,0.3792,0.3853
606,2.715,-63.2664,33.3291,0.9977,-0.1543,-0.1364,-0.0971,0.123,0.537,0.961,-63.6425,32.9465,0.2,0.0,0.0,0.0,-0.4156,-0.43,-0.8609,1.0482,-0.3866,1,1,2,0.977,0.586,0.414,0,0,0.0,1,SETTLE_PHASE,-0.1543,-0.1364,0.3761,0.3826
607,2.722,-63.2695,33.3264,0.9958,-0.1546,-0.1363,-0.0971,0.121,0.532,0.957,-63.6425,32.9465,0.2,0.0,0.0,0.0,-0.4115,-0.4266,-0.861,1.0453,-0.3446,1,1,2,0.977,0.584,0.416,0,0,0.0,1,SETTLE_PHASE,-0.1546,-0.1363,0.373,0.3799
608,2.729,-63.2726,33.3236,0.9939,-0.1555,-0.1375,-0.097,0.119,0.528,0.954,-63.6425,32.9465,0.2,0.0,0.0,0.0,-0.4072,-0.4226,-0.861,1.042,-0.3848,1,1,2,0.977,0.583,0.417,0,0,0.0,1,SETTLE_PHASE,-0.1555,-0.1375,0.3699,0.3771
609,2.734,-63.2757,33.3209,0.9919,-0.1557,-0.1368,-0.0971,0.117,0.524,0.95,-63.6425,32.9465,0.2,0.0,0.0,0.0,-0.4031,-0.4193,-0.8609,1.039,-0.3523,1,1,2,0.977,0.585,0.415,0,0,0.0,1,SETTLE_PHASE,-0.1557,-0.1368,0.3668,0.3744
610,2.74,-63.2788,33.3182,0.99,-0.1565,-0.1371,-0.0971,0.115,0.52,0.946,-63.6425,32.9465,0.2,0.0,0.0,0.0,-0.3988,-0.4157,-0.861,1.0359,-0.3925,1,1,2,0.977,0.589,0.411,0,0,0.0,1,SETTLE_PHASE,-0.1565,-0.1371,0.3637,0.3716
611,2.745,-63.2819,33.3154,0.988,-0.1562,-0.1358,-0.097,0.113,0.516,0.942,-63.6425,32.9465,0.2,0.0,0.0,0.0,-0.3949,-0.4126,-0.8611,1.0333,-0.3498,1,1,2,0.977,0.585,0.415,0,0,0.0,1,SETTLE_PHASE,-0.1562,-0.1358,0.3606,0.3689
612,2.75,-63.2851,33.3127,0.9861,-0.156,-0.136,-0.097,0.111,0.512,0.938,-63.6425,32.9465,0.2,0.0,0.0,0.0,-0.391,-0.4091,-0.8611,1.0304,-0.3901,1,1,2,0.977,0.584,0.416,0,0,0.0,1,SETTLE_PHASE,-0.156,-0.136,0.3574,0.3662
613,2.755,-63.2881,33.31,0.9842,-0.1546,-0.1341,-0.0971,0.109,0.508,0.934,-63.6425,32.9465,0.2,0.0,0.0,0.0,-0.3875,-0.4063,-0.8609,1.0278,-0.3533,1,1,2,0.977,0.574,0.426,0,0,0.0,1,SETTLE_PHASE,-0.1546,-0.1341,0.3543,0.3635
614,2.76,-63.2912,33.3074,0.9822,-0.1534,-0.1332,-0.0971,0.107,0.504,0.93,-63.6425,32.9465,0.2,0.0,0.0,0.0,-0.384,-0.4032,-0.861,1.0253,-0.3939,1,1,2,0.977,0.588,0.412,0,0,0.0,1,SETTLE_PHASE,-0.1534,-0.1332,0.3513,0.3608
615,2.765,-63.2942,33.3048,0.9803,-0.1514,-0.1305,-0.0972,0.105,0.5,0.927,-63.6425,32.9465,0.2,0.0,0.0,0.0,-0.3808,-0.4008,-0.8608,1.0231,-0.3605,1,1,2,0.978,0.586,0.414,0,0,0.0,1,SETTLE_PHASE,-0.1514,-0.1305,0.3482,0.3582
616,2.771,-63.2972,33.3022,0.9783,-0.15,-0.1289,-0.0971,0.103,0.496,0.923,-63.6425,32.9465,0.2,0.0,0.0,0.0,-0.3774,-0.3981,-0.8609,1.0208,-0.401,1,1,2,0.978,0.593,0.407,0,0,0.0,1,SETTLE_PHASE,-0.15,-0.1289,0.3452,0.3557
617,2.777,-63.3002,33.2997,0.9764,-0.1475,-0.1258,-0.0972,0.101,0.492,0.919,-63.6425,32.9465,0.2,0.0,0.0,0.0,-0.3745,-0.396,-0.8608,1.0188,-0.36,1,1,2,0.978,0.589,0.411,0,0,0.0,1,SETTLE_PHASE,-0.1475,-0.1258,0.3423,0.3531
618,2.785,-63.3031,33.2972,0.9744,-0.1452,-0.1242,-0.0972,0.099,0.488,0.915,-63.6425,32.9465,0.2,0.0,0.0,0.0,-0.3717,-0.3933,-0.8608,1.0168,-0.4007,1,1,2,0.978,0.593,0.407,0,0,0.0,1,SETTLE_PHASE,-0.1452,-0.1242,0.3394,0.3507
619,2.791,-63.3059,33.2948,0.9725,-0.1421,-0.121,-0.0972,0.097,0.484,0.912,-63.6425,32.9465,0.2,0.0,0.0,0.0,-0.3691,-0.3914,-0.8608,1.0151,-0.3565,1,1,2,0.978,0.588,0.412,0,0,0.0,1,SETTLE_PHASE,-0.1421,-0.121,0.3365,0.3482
620,2.799,-63.3087,33.2924,0.9705,-0.1395,-0.1192,-0.0972,0.085,0.481,0.908,-63.6425,32.9465,0.2,0.0,0.0,0.0,-0.3665,-0.389,-0.8608,1.0132,-0.3971,1,1,2,0.978,0.592,0.408,0,0,0.0,1,SETTLE_PHASE,-0.1395,-0.1192,0.3338,0.3459
621,2.808,-63.3115,33.2901,0.9686,-0.1362,-0.1154,-0.0976,0.083,0.477,0.905,-63.6425,32.9465,0.2,0.0,0.0,0.0,-0.3642,-0.3874,-0.8602,1.0112,-0.3838,1,1,2,0.978,0.593,0.407,0,0,0.0,1,SETTLE_PHASE,-0.1362,-0.1154,0.331,0.3435
622,2.817,-63.3141,33.2878,0.9666,-0.1332,-0.1125,-0.0975,0.081,0.474,0.901,-63.6425,32.9465,0.2,0.0,0.0,0.0,-0.3619,-0.3856,-0.8603,1.0098,-0.417,1,1,2,0.978,0.602,0.398,0,0,0.0,1,SETTLE_PHASE,-0.1332,-0.1125,0.3284,0.3413
623,2.824,-63.3167,33.2856,0.9647,-0.1302,-0.1097,-0.0973,0.079,0.47,0.898,-63.6425,32.9465,0.2,0.0,0.0,0.0,-0.3596,-0.3838,-0.8606,1.0086,-0.3784,1,1,2,0.978,0.594,0.406,0,0,0.0,1,SETTLE_PHASE,-0.1302,-0.1097,0.3258,0.3391
624,2.833,-63.3193,33.2834,0.9627,-0.1285,-0.1102,-0.0982,0.077,0.467,0.894,-63.6425,32.9465,0.2,0.0,0.0,0.0,-0.357,-0.3808,-0.8591,1.0053,-0.3817,1,1,2,0.978,0.603,0.397,0,0,0.0,1,SETTLE_PHASE,-0.1285,-0.1102,0.3232,0.3369
625,2.841,-63.3218,33.2812,0.9608,-0.1269,-0.111,-0.0984,0.075,0.463,0.891,-63.6425,32.9465,0.2,0.0,0.0,0.0,-0.3543,-0.3777,-0.8587,1.0027,-0.3565,1,1,2,0.978,0.604,0.396,0,0,0.0,1,SETTLE_PHASE,-0.1269,-0.111,0.3207,0.3347
626,2.846,-63.3243,33.279,0.9588,-0.1258,-0.1127,-0.0979,0.073,0.46,0.887,-63.6425,32.9465,0.2,0.0,0.0,0.0,-0.3515,-0.3742,-0.8596,1.0012,-0.3968,1,1,2,0.979,0.6,0.4,0,0,0.0,1,SETTLE_PHASE,-0.1258,-0.1127,0.3181,0.3324
627,2.853,-63.3268,33.2767,0.9569,-0.1236,-0.1131,-0.0976,0.071,0.457,0.884,-63.6425,32.9465,0.2,0.0,0.0,0.0,-0.3491,-0.3711,-0.8601,0.9996,-0.3564,1,1,2,0.979,0.603,0.397,0,0,0.0,1,SETTLE_PHASE,-0.1236,-0.1131,0.3157,0.3302
628,2.859,-63.3293,33.2744,0.9549,-0.1215,-0.1154,-0.0974,0.069,0.453,0.881,-63.6425,32.9465,0.2,0.0,0.0,0.0,-0.3468,-0.3673,-0.8604,0.9977,-0.397,1,1,2,0.979,0.61,0.39,0,0,0.0,1,SETTLE_PHASE,-0.1215,-0.1154,0.3132,0.3279
629,2.865,-63.3316,33.2721,0.953,-0.1186,-0.1164,-0.0973,0.067,0.45,0.877,-63.6425,32.9465,0.2,0.0,0.0,0.0,-0.3448,-0.3639,-0.8606,0.996,-0.3532,1,1,2,0.979,0.605,0.395,0,0,0.0,1,SETTLE_PHASE,-0.1186,-0.1164,0.3109,0.3255
630,2.87,-63.3339,33.2697,0.951,-0.1161,-0.1191,-0.0972,0.065,0.447,0.874,-63.6425,32.9465,0.2,0.0,0.0,0.0,-0.3428,-0.3599,-0.8607,0.9939,-0.3939,1,1,2,0.979,0.612,0.388,0,0,0.0,1,SETTLE_PHASE,-0.1161,-0.1191,0.3085,0.3231
631,2.876,-63.3362,33.2673,0.9491,-0.1128,-0.12,-0.0973,0.063,0.443,0.871,-63.6425,32.9465,0.2,0.0,0.0,0.0,-0.3411,-0.3565,-0.6446,0.8118,-0.3548,1,1,2,0.979,0.612,0.388,0,0,0.0,1,SETTLE_PHASE,-0.1128,-0.12,0.3063,0.3207
632,2.881,-63.3384,33.2648,0.9471,-0.1098,-0.1222,-0.0972,0.062,0.44,0.867,-63.6425,32.9465,0.2,0.0,0.0,0.0,-0.3394,-0.3526,-0.6447,0.8094,-0.3957,1,1,2,0.979,0.612,0.388,0,0,0.0,1,SETTLE_PHASE,-0.1098,-0.1222,0.3041,0.3183
633,2.886,-63.3405,33.2624,0.9452,-0.1067,-0.1227,-0.0972,0.06,0.437,0.864,-63.6425,32.9465,0.2,0.0,0.0,0.0,-0.3378,-0.3493,-0.6448,0.8074,-0.3516,1,1,2,0.979,0.611,0.389,0,0,0.0,1,SETTLE_PHASE,-0.1067,-0.1227,0.302,0.3158
634,2.892,-63.3426,33.2599,0.9432,-0.1046,-0.1244,-0.0972,0.058,0.434,0.861,-63.6425,32.9465,0.2,0.0,0.0,0.0,-0.3359,-0.3454,-0.6448,0.805,-0.3923,1,1,2,0.979,0.612,0.388,0,0,0.0,1,SETTLE_PHASE,-0.1046,-0.1244,0.2999,0.3134
635,2.898,-63.3447,33.2574,0.9413,-0.1022,-0.124,-0.0971,0.056,0.431,0.857,-63.6425,32.9465,0.2,0.0,0.0,0.0,-0.3342,-0.3424,-0.6449,0.803,-0.3483,1,1,2,0.979,0.608,0.392,0,0,0.0,1,SETTLE_PHASE,-0.1022,-0.124,0.2978,0.3109
636,2.904,-63.3467,33.2549,0.9394,-0.1008,-0.1244,-0.0971,0.054,0.427,0.854,-63.6425,32.9465,0.2,0.0,0.0,0.0,-0.3322,-0.3391,-0.6449,0.8008,-0.3889,1,1,2,0.979,0.607,0.393,0,0,0.0,1,SETTLE_PHASE,-0.1008,-0.1244,0.2958,0.3084
637,2.912,-63.3487,33.2525,0.9374,-0.099,-0.1223,-0.0973,0.052,0.424,0.851,-63.6425,32.9465,0.2,0.0,0.0,0.0,-0.3303,-0.3367,-0.6445,0.7987,-0.3717,1,1,2,0.979,0.607,0.393,0,0,0.0,1,SETTLE_PHASE,-0.099,-0.1223,0.2938,0.3059
638,2.917,-63.3506,33.2501,0.9355,-0.0981,-0.1207,-0.098,0.05,0.421,0.847,-63.6425,32.9465,0.2,0.0,0.0,0.0,-0.3281,-0.3343,-0.6435,0.7959,-0.4064,1,1,2,0.979,0.612,0.388,0,0,0.0,1,SETTLE_PHASE,-0.0981,-0.1207,0.2919,0.3035
639,2.922,-63.3526,33.2477,0.9335,-0.0967,-0.1182,-0.0976,0.048,0.418,0.844,-63.6425,32.9465,0.2,0.0,0.0,0.0,-0.3262,-0.3321,-0.6441,0.7947,-0.3573,1,1,2,0.979,0.611,0.389,0,0,0.0,1,SETTLE_PHASE,-0.0967,-0.1182,0.2899,0.3012
640,2.927,-63.3545,33.2453,0.9316,-0.096,-0.1181,-0.0974,0.046,0.415,0.841,-63.6425,32.9465,0.2,0.0,0.0,0.0,-0.324,-0.3292,-0.6444,0.7929,-0.3922,1,1,2,0.979,0.612,0.388,0,0,0.0,1,SETTLE_PHASE,-0.096,-0.1181,0.288,0.2988
641,2.932,-63.3564,33.243,0.9296,-0.095,-0.1167,-0.0975,0.044,0.412,0.838,-63.6425,32.9465,0.2,0.0,0.0,0.0,-0.3219,-0.3267,-0.6442,0.7908,-0.3452,1,1,2,0.979,0.61,0.39,0,0,0.0,1,SETTLE_PHASE,-0.095,-0.1167,0.2861,0.2965
642,2.937,-63.3583,33.2407,0.9277,-0.0947,-0.1171,-0.0973,0.042,0.409,0.835,-63.6425,32.9465,0.2,0.0,0.0,0.0,-0.3196,-0.3236,-0.6445,0.7889,-0.3807,1,1,2,0.979,0.614,0.386,0,0,0.0,1,SETTLE_PHASE,-0.0947,-0.1171,0.2842,0.2941
643,2.942,-63.3601,33.2383,0.9257,-0.0938,-0.116,-0.0974,0.04,0.406,0.832,-63.6425,32.9465,0.2,0.0,0.0,0.0,-0.3176,-0.3211,-0.6445,0.7869,-0.3468,1,1,2,0.979,0.612,0.388,0,0,0.0,1,SETTLE_PHASE,-0.0938,-0.116,0.2823,0.2918
644,2.947,-63.362,33.236,0.9238,-0.0937,-0.1162,-0.0974,0.038,0.403,0.828,-63.6425,32.9465,0.2,0.0,0.0,0.0,-0.3152,-0.318,-0.6443,0.7846,-0.3902,1,1,2,0.979,0.614,0.386,0,0,0.0,1,SETTLE_PHASE,-0.0937,-0.1162,0.2805,0.2895
645,2.952,-63.3639,33.2337,0.9218,-0.093,-0.1149,-0.0973,0.036,0.4,0.825,-63.6425,32.9465,0.2,0.0,0.0,0.0,-0.3131,-0.3155,-0.6446,0.7831,-0.3503,1,1,2,0.979,0.614,0.386,0,0,0.0,1,SETTLE_PHASE,-0.093,-0.1149,0.2786,0.2872
646,2.957,-63.3657,33.2314,0.9199,-0.093,-0.1151,-0.0972,0.034,0.397,0.822,-63.6425,32.9465,0.2,0.0,0.0,0.0,-0.3107,-0.3125,-0.6448,0.781,-0.3936,1,1,2,0.979,0.616,0.384,0,0,0.0,1,SETTLE_PHASE,-0.093,-0.1151,0.2767,0.2849
647,2.963,-63.3676,33.2292,0.9179,-0.0923,-0.1133,-0.0971,0.032,0.394,0.819,-63.6425,32.9465,0.2,0.0,0.0,0.0,-0.3086,-0.3103,-0.6449,0.7794,-0.3537,1,1,2,0.979,0.612,0.388,0,0,0.0,1,SETTLE_PHASE,-0.0923,-0.1133,0.2749,0.2826
648,2.968,-63.3694,33.2269,0.916,-0.0923,-0.1125,-0.0977,0.03,0.391,0.816,-63.6425,32.9465,0.2,0.0,0.0,0.0,-0.3063,-0.3078,-0.6438,0.7766,-0.3954,1,1,2,0.979,0.614,0.386,0,0,0.0,1,SETTLE_PHASE,-0.0923,-0.1125,0.2731,0.2804
649,2.973,-63.3713,33.2247,0.914,-0.0917,-0.1094,-0.0977,0.039,0.389,0.813,-63.6425,32.9465,0.2,0.0,0.0,0.0,-0.3042,-0.3061,-0.644,0.7752,-0.365,1,1,2,0.979,0.612,0.388,0,0,0.0,1,SETTLE_PHASE,-0.0917,-0.1094,0.2712,0.2782
650,2.979,-63.3731,33.2226,0.9121,-0.0917,-0.1071,-0.0975,0.037,0.386,0.81,-63.6425,32.9465,0.2,0.0,0.0,0.0,-0.3018,-0.3043,-0.6443,0.7738,-0.4048,1,1,2,0.979,0.617,0.383,0,0,0.0,1,SETTLE_PHASE,-0.0917,-0.1071,0.2694,0.276
651,2.984,-63.3749,33.2205,0.9101,-0.0912,-0.1034,-0.0973,0.035,0.383,0.807,-63.6425,32.9465,0.2,0.0,0.0,0.0,-0.2997,-0.303,-0.6446,0.7727,-0.3602,1,1,2,0.979,0.611,0.389,0,0,0.0,1,SETTLE_PHASE,-0.0912,-0.1034,0.2676,0.274
652,2.989,-63.3768,33.2185,0.9082,-0.0916,-0.1013,-0.0973,0.033,0.38,0.804,-63.6425,32.9465,0.2,0.0,0.0,0.0,-0.2972,-0.3013,-0.6447,0.7712,-0.3997,1,1,2,0.979,0.621,0.379,0,0,0.0,1,SETTLE_PHASE,-0.0916,-0.1013,0.2657,0.2719
653,2.994,-63.3786,33.2165,0.9062,-0.0914,-0.0973,-0.0973,0.031,0.378,0.801,-63.6425,32.9465,0.2,0.0,0.0,0.0,-0.2949,-0.3003,-0.6446,0.7698,-0.3654,1,1,2,0.979,0.613,0.387,0,0,0.0,1,SETTLE_PHASE,-0.0914,-0.0973,0.2639,0.27
654,2.999,-63.3804,33.2146,0.9043,-0.0919,-0.0945,-0.0973,0.03,0.375,0.798,-63.6425,32.9465,0.2,0.0,0.0,0.0,-0.2924,-0.299,-0.6446,0.7684,-0.4046,1,1,2,0.979,0.632,0.368,0,0,0.0,1,SETTLE_PHASE,-0.0919,-0.0945,0.2621,0.2681
655,3.004,-63.3823,33.2128,0.9023,-0.0916,-0.0903,-0.0974,0.902,0.372,0.795,-63.6425,32.9465,0.2,0.0,0.0,0.0,-0.2902,-0.2983,-0.6445,0.7672,-0.3651,1,1,2,0.979,0.63,0.37,0,0,0.0,1,SETTLE_PHASE,-0.0916,-0.0903,0.2602,0.2663
656,3.009,-63.3841,33.2111,0.9004,-0.0914,-0.0877,-0.0973,0.9,0.37,0.792,-63.6425,32.9465,0.2,0.0,0.0,0.0,-0.2879,-0.2971,-0.6446,0.7659,-0.4043,1,1,2,0.979,0.636,0.364,0,0,0.0,1,SETTLE_PHASE,-0.0914,-0.0877,0.2584,0.2646
657,3.014,-63.3856,33.2101,0.899,-0.0767,-0.0482,-0.0718,0.899,0.368,0.79,-63.6425,32.9465,0.2,0.0,0.0,0.0,-0.2917,-0.311,-0.688,0.8094,-0.3894,1,1,2,0.979,0.639,0.361,0,0,0.0,1,SETTLE_PHASE,-0.0767,-0.0482,0.2569,0.2636
658,3.019,-63.3866,33.2098,0.898,-0.0476,-0.0159,-0.0492,0.898,0.367,0.789,-63.6425,32.9465,0.2,0.0,0.0,0.0,-0.3016,-0.323,-0.7264,0.8503,-0.3837,1,1,2,0.979,0.635,0.365,0,0,0.0,1,SETTLE_PHASE,-0.0476,-0.0159,0.2559,0.2633
659,3.024,-63.3869,33.2097,0.8974,-0.0154,-0.0058,-0.0279,0.897,0.367,0.788,-63.6425,32.9465,0.2,0.0,0.0,0.0,-0.3136,-0.3267,-0.7626,0.8869,-0.3782,1,1,2,0.979,0.636,0.364,0,0,0.0,1,SETTLE_PHASE,-0.0154,-0.0058,0.2556,0.2632
660,3.029,-63.3869,33.2096,0.8971,-0.0019,-0.0024,-0.018,0.897,0.367,0.788,-63.6425,32.9465,0.2,0.0,0.0,0.0,-0.3187,-0.3279,-0.7793,0.9036,-0.3772,1,1,2,0.98,0.639,0.361,0,0,0.0,1,SETTLE_PHASE,-0.0019,-0.0024,0.2556,0.2631
661,3.035,-63.3869,33.2096,0.8967,-0.0005,-0.0006,-0.0164,0.897,0.367,0.787,-63.6425,32.9465,0.2,0.0,0.0,0.0,-0.3193,-0.3286,-0.7821,0.9064,-0.3759,1,1,2,0.98,0.639,0.361,0,0,0.0,1,SETTLE_PHASE,-0.0005,-0.0006,0.2556,0.2631
662,3.041,-63.3869,33.2096,0.8964,-0.0003,-0.0004,-0.0153,0.896,0.367,0.787,-63.6425,32.9465,0.2,0.0,0.0,0.0,-0.3193,-0.3287,-0.784,0.9081,-0.3757,1,1,2,0.98,0.639,0.361,0,0,0.0,1,SETTLE_PHASE,-0.0003,-0.0004,0.2556,0.2631
663,3.046,-63.3869,33.2096,0.8961,-0.0003,-0.0003,-0.0143,0.896,0.367,0.787,-63.6425,32.9465,0.2,0.0,0.0,0.0,-0.3193,-0.3287,-0.7857,0.9096,-0.3756,1,1,2,0.98,0.639,0.361,0,0,0.0,1,SETTLE_PHASE,-0.0003,-0.0003,0.2556,0.2631
664,3.051,-63.3869,33.2096,0.8959,-0.0001,-0.0001,-0.0111,0.896,0.367,0.787,-63.6425,32.9465,0.2,0.0,0.0,0.0,-0.3194,-0.3288,-0.7911,0.9143,-0.3755,1,1,2,0.98,0.639,0.361,0,0,0.0,1,SETTLE_PHASE,-0.0001,-0.0001,0.2555,0.2631
665,3.056,-63.3869,33.2096,0.8957,-0.0001,-0.0001,-0.0097,0.896,0.367,0.786,-63.6425,32.9465,0.2,0.0,0.0,0.0,-0.3194,-0.3288,-0.7934,0.9163,-0.3755,1,1,2,0.98,0.639,0.361,0,0,0.0,1,SETTLE_PHASE,-0.0001,-0.0001,0.2555,0.2631
666,3.061,-63.3869,33.2096,0.8955,-0.0001,-0.0001,-0.0089,0.896,0.367,0.786,-63.6425,32.9465,0.2,0.0,0.0,0.0,-0.3194,-0.3288,-0.7948,0.9175,-0.3755,1,1,2,0.98,0.639,0.361,0,0,0.0,1,SETTLE_PHASE,-0.0001,-0.0001,0.2555,0.2631
667,3.066,-63.3869,33.2096,0.8954,-0.0001,-0.0001,-0.0083,0.895,0.367,0.786,-63.6425,32.9465,0.2,0.0,0.0,0.0,-0.3194,-0.3288,-0.7959,0.9185,-0.3754,1,1,2,0.98,0.639,0.361,0,0,0.0,1,SETTLE_PHASE,-0.0001,-0.0001,0.2555,0.2631
668,3.071,-63.3869,33.2096,0.8952,-0.0001,-0.0001,-0.0077,0.895,0.367,0.786,-63.6425,32.9465,0.2,0.0,0.0,0.0,-0.3194,-0.3288,-0.7969,0.9193,-0.3754,1,1,2,0.98,0.639,0.361,0,0,0.0,1,SETTLE_PHASE,-0.0001,-0.0001,0.2555,0.2631
669,3.076,-63.3869,33.2096,0.8951,-0.0001,-0.0001,-0.0072,0.895,0.367,0.786,-63.6425,32.9465,0.2,0.0,0.0,0.0,-0.3194,-0.3288,-0.7977,0.92,-0.3754,1,1,2,0.98,0.639,0.361,0,0,0.0,1,SETTLE_PHASE,-0.0001,-0.0001,0.2555,0.2631
670,3.081,-63.387,33.2096,0.8949,-0.0001,-0.0001,-0.0067,0.895,0.367,0.786,-63.6425,32.9465,0.2,0.0,0.0,0.0,-0.3194,-0.3288,-0.7985,0.9207,-0.3754,1,1,2,0.98,0.639,0.361,0,0,0.0,1,SETTLE_PHASE,-0.0001,-0.0001,0.2555,0.2631
671,3.086,-63.387,33.2096,0.8948,-0.0001,-0.0001,-0.0063,0.895,0.367,0.786,-63.6425,32.9465,0.2,0.0,0.0,0.0,-0.3194,-0.3288,-0.7993,0.9214,-0.3754,1,1,2,0.98,0.639,0.361,0,0,0.0,1,SETTLE_PHASE,-0.0001,-0.0001,0.2555,0.2631
672,3.091,-63.387,33.2096,0.8947,-0.0001,-0.0001,-0.0059,0.895,0.367,0.786,-63.6425,32.9465,0.2,0.0,0.0,0.0,-0.3194,-0.3288,-0.8,0.922,-0.3754,1,1,2,0.98,0.639,0.361,0,0,0.0,1,SETTLE_PHASE,-0.0001,-0.0001,0.2555,0.2631
673,3.096,-63.387,33.2096,0.8946,-0.0001,-0.0001,-0.0055,0.895,0.367,0.785,-63.6425,32.9465,0.2,0.0,0.0,0.0,-0.3194,-0.3288,-0.8006,0.9226,-0.3753,1,1,2,0.98,0.639,0.361,0,0,0.0,1,SETTLE_PHASE,-0.0001,-0.0001,0.2555,0.2631
674,3.101,-63.387,33.2096,0.8945,-0.0001,-0.0001,-0.0051,0.894,0.367,0.785,-63.6425,32.9465,0.2,0.0,0.0,0.0,-0.3194,-0.3288,-0.8013,0.9231,-0.3753,1,1,2,0.98,0.639,0.361,0,0,0.0,1,SETTLE_PHASE,-0.0001,-0.0001,0.2555,0.2631
675,3.108,-63.387,33.2096,0.8944,-0.0001,-0.0001,-0.0048,0.894,0.367,0.785,-63.6425,32.9465,0.2,0.0,0.0,0.0,-0.3194,-0.3288,-0.8018,0.9236,-0.3753,1,1,2,0.98,0.639,0.361,0,0,0.0,1,SETTLE_PHASE,-0.0001,-0.0001,0.2555,0.263
676,3.114,-63.387,33.2096,0.8943,-0.0001,-0.0001,-0.0045,0.894,0.367,0.785,-63.6425,32.9465,0.2,0.0,0.0,0.0,-0.3194,-0.3288,-0.8024,0.9241,-0.3753,1,1,2,0.98,0.639,0.361,0,0,0.0,1,SETTLE_PHASE,-0.0001,-0.0001,0.2555,0.263
677,3.12,-63.387,33.2096,0.8942,-0.0001,-0.0001,-0.0042,0.894,0.367,0.785,-63.6425,32.9465,0.2,0.0,0.0,0.0,-0.3194,-0.3288,-0.8029,0.9245,-0.3753,1,1,2,0.98,0.639,0.361,0,0,0.0,1,SETTLE_PHASE,-0.0001,-0.0001,0.2555,0.263
678,3.125,-63.387,33.2096,0.8941,-0.0001,-0.0001,-0.0039,0.894,0.367,0.785,-63.6425,32.9465,0.2,0.0,0.0,0.0,-0.3194,-0.3288,-0.8033,0.9249,-0.3753,1,1,2,0.98,0.639,0.361,0,0,0.0,1,SETTLE_PHASE,-0.0001,-0.0001,0.2555,0.263
679,3.133,-63.387,33.2096,0.8941,-0.0001,-0.0001,-0.0037,0.894,0.367,0.785,-63.6425,32.9465,0.2,0.0,0.0,0.0,-0.3194,-0.3288,-0.8038,0.9253,-0.3752,1,1,2,0.98,0.639,0.361,0,0,0.0,1,SETTLE_PHASE,-0.0001,-0.0001,0.2555,0.263
680,3.14,-63.387,33.2096,0.894,-0.0001,-0.0001,-0.0034,0.894,0.367,0.785,-63.6425,32.9465,0.2,0.0,0.0,0.0,-0.3194,-0.3287,-0.8042,0.9256,-0.3752,1,1,2,0.98,0.639,0.361,0,0,0.0,1,SETTLE_PHASE,-0.0001,-0.0001,0.2555,0.263
