step,time_s,pos_x,pos_y,pos_z,vel_x,vel_y,vel_z,agl,dist_xy,dist_3d,target_x,target_y,target_z,plat_vel_x,plat_vel_y,plat_vel_z,cmd_vx,cmd_vy,cmd_vz,cmd_speed,cmd_yaw,landing_phase,descent_phase,assist_type,collision_risk,clutter_density,navigability,escape_active,pred_escape_active,threat_acc,terrain_id,phase_reason,rel_vx_to_pad,rel_vy_to_pad,pad_frame_dx,pad_frame_dy
0,0.0,20.9748,7.7392,25.6487,0.0,0.0,0.0,0.071,31.176,40.244,-4.1366,-10.7361,0.2,0.0,0.0,0.0,-0.048,-0.0012,0.048,0.0679,-0.7981,0,0,0,0.979,0.68,0.32,0,0,0.0,3,SEARCH_PHASE,0.0,0.0,25.1114,18.4753
1,0.129,20.9748,7.7392,25.6491,0.0,0.0,0.0186,0.071,31.176,40.244,-4.1366,-10.7361,0.2,0.0,0.0,0.0,-0.096,-0.0018,0.096,0.1358,-0.7941,0,0,0,0.978,0.68,0.32,0,0,0.0,3,SEARCH_PHASE,0.0,0.0,25.1114,18.4753
2,0.253,20.9748,7.7392,25.65,0.0,0.0,0.0478,0.072,31.176,40.245,-4.1366,-10.7361,0.2,0.0,0.0,0.0,-0.144,-0.002,0.144,0.2036,-0.7913,0,0,0,0.978,0.68,0.32,0,0,0.0,3,SEARCH_PHASE,0.0,0.0,25.1114,18.4753
3,0.378,20.9748,7.7392,25.6517,-0.003,-0.0001,0.0844,0.074,31.176,40.246,-4.1366,-10.7361,0.2,0.0,0.0,0.0,-0.192,-0.0008,0.192,0.2715,-0.7878,0,0,0,0.978,0.68,0.32,0,0,1.0,3,SEARCH_PHASE,-0.003,-0.0001,25.1114,18.4753
4,0.506,20.9746,7.7392,25.6542,-0.006,-0.0001,0.1255,0.076,31.175,40.247,-4.1366,-10.7361,0.2,0.0,0.0,0.0,-0.2399,0.0009,0.24,0.3394,-0.7711,0,0,0,0.978,0.68,0.32,0,0,2.0,3,SEARCH_PHASE,-0.006,-0.0001,25.1113,18.4753
5,0.587,20.9744,7.7392,25.6576,-0.0122,-0.0005,0.1699,0.079,31.175,40.249,-4.1366,-10.7361,0.2,0.0,0.0,0.0,-0.2878,0.0044,0.288,0.4072,-0.7945,0,0,0,0.978,0.68,0.32,0,0,3.0,3,SEARCH_PHASE,-0.0122,-0.0005,25.111,18.4753
6,0.67,20.974,7.7392,25.662,-0.0213,0.0002,0.2164,0.084,31.175,40.252,-4.1366,-10.7361,0.2,0.0,0.0,0.0,-0.3357,0.007,0.336,0.475,-0.7585,0,0,0,0.976,0.679,0.321,0,0,4.0,3,SEARCH_PHASE,-0.0213,0.0002,25.1106,18.4753
7,0.75,20.9732,7.7392,25.6672,-0.0365,-0.0009,0.2638,0.089,31.174,40.254,-4.1366,-10.7361,0.2,0.0,0.0,0.0,-0.3835,0.0116,0.384,0.5428,-0.7825,0,0,0,0.976,0.679,0.321,0,0,5.0,3,SEARCH_PHASE,-0.0365,-0.0009,25.1099,18.4752
8,0.831,20.9722,7.7392,25.6735,-0.0539,-0.0004,0.3122,0.095,31.173,40.258,-4.1366,-10.7361,0.2,0.0,0.0,0.0,-0.4313,0.0161,0.432,0.6107,-0.7464,0,0,0,0.976,0.679,0.321,0,0,6.0,3,SEARCH_PHASE,-0.0539,-0.0004,25.1088,18.4752
9,0.912,20.9706,7.7391,25.6807,-0.0769,-0.0012,0.3606,0.102,31.172,40.261,-4.1366,-10.7361,0.2,0.0,0.0,0.0,-0.479,0.0218,0.48,0.6784,-0.7709,0,0,0,0.976,0.678,0.322,0,0,7.0,3,SEARCH_PHASE,-0.0769,-0.0012,25.1072,18.4752
10,0.994,20.9686,7.7391,25.6889,-0.1017,-0.0001,0.4097,0.111,31.171,40.265,-4.1366,-10.7361,0.2,0.0,0.0,0.0,-0.5266,0.0281,0.528,0.7462,-0.7348,0,0,0,0.974,0.678,0.322,0,0,8.0,3,SEARCH_PHASE,-0.1017,-0.0001,25.1052,18.4752
11,1.075,20.9659,7.7391,25.6981,-0.1317,0.0001,0.4583,0.12,31.168,40.269,-4.1366,-10.7361,0.2,0.0,0.0,0.0,-0.5739,0.0361,0.576,0.8139,-0.7596,0,0,0,0.974,0.678,0.322,0,0,9.0,3,SEARCH_PHASE,-0.1317,0.0001,25.1026,18.4752
12,1.154,20.9627,7.7392,25.7082,-0.1628,0.0026,0.5073,0.13,31.166,40.274,-4.1366,-10.7361,0.2,0.0,0.0,0.0,-0.6211,0.0445,0.624,0.8816,-0.7221,0,0,0,0.974,0.678,0.322,0,0,10.0,3,SEARCH_PHASE,-0.1628,0.0026,25.0993,18.4753
13,1.236,20.9587,7.7393,25.7193,-0.1986,0.0046,0.556,0.141,31.163,40.278,-4.1366,-10.7361,0.2,0.0,0.0,0.0,-0.6683,0.0535,0.672,0.9492,-0.7468,0,0,0,0.972,0.677,0.323,0,0,11.0,3,SEARCH_PHASE,-0.1986,0.0046,25.0953,18.4754
14,1.316,20.954,7.7395,25.7314,-0.2368,0.0094,0.6049,0.153,31.159,40.283,-4.1366,-10.7361,0.2,0.0,0.0,0.0,-0.7153,0.0632,0.72,1.0169,-0.7112,0,0,0,0.972,0.677,0.323,0,0,12.0,3,SEARCH_PHASE,-0.2368,0.0094,25.0906,18.4755
15,1.396,20.9484,7.7397,25.7445,-0.2808,0.0144,0.6529,0.166,31.155,40.288,-4.1366,-10.7361,0.2,0.0,0.0,0.0,-0.7618,0.0749,0.768,1.0844,-0.7363,0,0,0,0.969,0.677,0.323,0,0,11.5,3,SEARCH_PHASE,-0.2808,0.0144,25.085,18.4758
16,1.475,20.9418,7.7402,25.7585,-0.3265,0.0224,0.701,0.18,31.15,40.293,-4.1366,-10.7361,0.2,0.0,0.0,0.0,-0.8082,0.0875,0.816,1.1518,-0.7009,0,0,0,0.969,0.678,0.322,0,0,11.0,3,SEARCH_PHASE,-0.3265,0.0224,25.0785,18.4763
17,1.555,20.9343,7.7408,25.7735,-0.3775,0.031,0.7479,0.195,31.144,40.298,-4.1366,-10.7361,0.2,0.0,0.0,0.0,-0.8358,0.0483,0.864,1.2031,-0.7262,0,0,0,0.0,0.0,1.0,0,0,10.5,3,SEARCH_PHASE,-0.3775,0.031,25.0709,18.4769
18,1.635,20.9257,7.7417,25.7893,-0.4293,0.0429,0.7937,0.211,31.138,40.303,-4.1366,-10.7361,0.2,0.0,0.0,0.0,-0.8635,0.0091,0.912,1.256,-0.7417,0,0,0,0.0,0.0,1.0,0,0,10.0,3,SEARCH_PHASE,-0.4293,0.0429,25.0623,18.4778
19,1.715,20.916,7.7428,25.8061,-0.4857,0.0556,0.8381,0.228,31.13,40.308,-4.1366,-10.7361,0.2,0.0,0.0,0.0,-0.8911,-0.0302,0.96,1.3102,-0.7475,0,0,0,0.0,0.0,1.0,0,0,9.5,3,SEARCH_PHASE,-0.4857,0.0556,25.0526,18.4789
20,1.794,20.9051,7.7441,25.8237,-0.544,0.0666,0.8821,0.246,31.122,40.314,-4.1366,-10.7361,0.2,0.0,0.0,0.0,-0.9187,-0.0694,1.008,1.3656,-0.7265,0,0,0,0.0,0.0,1.0,0,0,9.0,3,SEARCH_PHASE,-0.544,0.0666,25.0417,18.4802
21,1.873,20.8931,7.7456,25.8423,-0.6009,0.0755,0.9269,0.264,31.114,40.319,-4.1366,-10.7361,0.2,0.0,0.0,0.0,-0.9464,-0.1087,1.056,1.4222,-0.7702,0,0,0,0.0,0.0,1.0,0,0,8.5,3,SEARCH_PHASE,-0.6009,0.0755,25.0297,18.4817
22,1.953,20.8799,7.7473,25.8617,-0.6596,0.0833,0.9713,0.283,31.104,40.323,-4.1366,-10.7361,0.2,0.0,0.0,0.0,-0.974,-0.1479,1.104,1.4796,-0.7291,0,0,0,0.007,0.005,0.995,0,0,8.0,3,SEARCH_PHASE,-0.6596,0.0833,25.0165,18.4834
23,2.033,20.8655,7.749,25.882,-0.7179,0.0856,1.0166,0.304,31.094,40.328,-4.1366,-10.7361,0.2,0.0,0.0,0.0,-1.0015,-0.1872,1.152,1.5379,-0.7655,0,0,0,0.05,0.035,0.965,0,0,6.0,3,SEARCH_PHASE,-0.7179,0.0856,25.0022,18.4851
24,2.113,20.8501,7.7507,25.9033,-0.7742,0.0854,1.0634,0.325,31.082,40.333,-4.1366,-10.7361,0.2,0.0,0.0,0.0,-1.0291,-0.2265,1.2,1.597,-0.7137,0,0,0,0.061,0.024,0.976,0,0,4.0,3,SEARCH_PHASE,-0.7742,0.0854,24.9867,18.4868
25,2.195,20.8335,7.7523,25.9255,-0.8284,0.0791,1.1103,0.347,31.07,40.338,-4.1366,-10.7361,0.2,0.0,0.0,0.0,-1.0566,-0.2658,1.248,1.6567,-0.7583,0,0,0,0.093,0.044,0.956,0,0,2.0,3,SEARCH_PHASE,-0.8284,0.0791,24.9701,18.4884
26,2.277,20.8158,7.7537,25.9487,-0.8828,0.0708,1.1578,0.37,31.056,40.342,-4.1366,-10.7361,0.2,0.0,0.0,0.0,-1.0842,-0.3052,1.296,1.717,-0.7106,0,0,0,0.106,0.036,0.964,0,0,0.0,3,SEARCH_PHASE,-0.8828,0.0708,24.9525,18.4898
27,2.36,20.7971,7.7548,25.9728,-0.935,0.0557,1.2055,0.395,31.042,40.347,-4.1366,-10.7361,0.2,0.0,0.0,0.0,-1.1116,-0.3445,1.344,1.7779,-0.7566,0,0,0,0.133,0.05,0.95,0,0,0.0,3,SEARCH_PHASE,-0.935,0.0557,24.9338,18.4909
28,2.442,20.7774,7.7556,25.9979,-0.9858,0.0376,1.2544,0.42,31.027,40.351,-4.1366,-10.7361,0.2,0.0,0.0,0.0,-1.1391,-0.3839,1.392,1.8392,-0.7045,0,0,0,0.142,0.048,0.952,0,0,0.0,3,SEARCH_PHASE,-0.9858,0.0376,24.914,18.4917
29,2.525,20.7568,7.7558,26.0239,-1.0328,0.0117,1.3029,0.446,31.01,40.355,-4.1366,-10.7361,0.2,0.0,0.0,0.0,-1.1665,-0.4233,1.44,1.9009,-0.7149,0,0,0,0.319,0.083,0.917,0,0,0.0,3,SEARCH_PHASE,-1.0328,0.0117,24.8934,18.4919
30,2.61,20.7352,7.7555,26.051,-1.0782,-0.0176,1.3518,0.473,30.993,40.359,-4.1366,-10.7361,0.2,0.0,0.0,0.0,-1.1939,-0.4627,1.488,1.9631,-0.6717,0,0,0,0.559,0.112,0.888,0,0,0.0,3,SEARCH_PHASE,-1.0782,-0.0176,24.8718,18.4915
31,2.695,20.7128,7.7544,26.079,-1.1185,-0.0514,1.4007,0.501,30.974,40.362,-4.1366,-10.7361,0.2,0.0,0.0,0.0,-1.2213,-0.5021,1.536,2.0256,-0.7183,0,0,0,0.666,0.11,0.89,0,0,0.0,3,SEARCH_PHASE,-1.1185,-0.0514,24.8494,18.4905
32,2.777,20.6897,7.7527,26.108,-1.1561,-0.0864,1.4504,0.53,30.955,40.366,-4.1366,-10.7361,0.2,0.0,0.0,0.0,-1.2541,-0.4671,1.584,2.0736,-0.6668,0,0,0,0.951,0.125,0.875,0,0,0.0,3,SEARCH_PHASE,-1.1561,-0.0864,24.8263,18.4888
33,2.856,20.6659,7.7502,26.1379,-1.1888,-0.1272,1.4973,0.56,30.934,40.369,-4.1366,-10.7361,0.2,0.0,0.0,0.0,-1.2796,-0.5077,1.632,2.1351,-0.6562,0,0,0,0.713,0.129,0.871,0,0,0.0,3,SEARCH_PHASE,-1.1888,-0.1272,24.8025,18.4862
34,2.936,20.6416,7.7468,26.1688,-1.2186,-0.1696,1.5446,0.591,30.912,40.373,-4.1366,-10.7361,0.2,0.0,0.0,0.0,-1.305,-0.5484,1.68,2.1969,-0.6334,0,0,0,0.744,0.142,0.858,0,0,0.0,3,SEARCH_PHASE,-1.2186,-0.1696,24.7782,18.4829
35,3.012,20.6166,7.7425,26.2007,-1.2484,-0.213,1.592,0.622,30.89,40.376,-4.1366,-10.7361,0.2,0.0,0.0,0.0,-1.3305,-0.5892,1.7,2.2377,-0.6439,0,0,0,0.721,0.145,0.855,0,0,0.0,3,SEARCH_PHASE,-1.2484,-0.213,24.7532,18.4786
36,3.087,20.5911,7.7374,26.2332,-1.2718,-0.2539,1.6299,0.655,30.866,40.379,-4.1366,-10.7361,0.2,0.0,0.0,0.0,-1.3559,-0.6299,1.7,2.2639,-0.6451,0,0,0,0.738,0.149,0.851,0,0,0.0,3,SEARCH_PHASE,-1.2718,-0.2539,24.7278,18.4735
37,3.163,20.5653,7.7316,26.2663,-1.2932,-0.2931,1.6541,0.688,30.842,40.382,-4.1366,-10.7361,0.2,0.0,0.0,0.0,-1.3812,-0.6706,1.7,2.2907,-0.6448,0,0,0,0.717,0.151,0.849,0,0,0.0,3,SEARCH_PHASE,-1.2932,-0.2931,24.7019,18.4677
38,3.238,20.5391,7.7249,26.2997,-1.3116,-0.3325,1.6701,0.722,30.817,40.384,-4.1366,-10.7361,0.2,0.0,0.0,0.0,-1.4065,-0.7114,1.7,2.3183,-0.6293,0,0,0,0.733,0.149,0.851,0,0,0.0,3,SEARCH_PHASE,-1.3116,-0.3325,24.6757,18.461
39,3.314,20.5124,7.7175,26.3333,-1.3311,-0.3727,1.6802,0.755,30.791,40.386,-4.1366,-10.7361,0.2,0.0,0.0,0.0,-1.4318,-0.7522,1.7,2.3465,-0.6369,0,0,0,0.733,0.149,0.851,0,0,0.0,3,SEARCH_PHASE,-1.3311,-0.3727,24.6491,18.4535
40,3.389,20.4855,7.7092,26.3671,-1.3476,-0.413,1.6869,0.789,30.765,40.388,-4.1366,-10.7361,0.2,0.0,0.0,0.0,-1.457,-0.7931,1.7,2.3753,-0.6231,0,0,0,0.748,0.153,0.847,0,0,0.0,3,SEARCH_PHASE,-1.3476,-0.413,24.6221,18.4453
41,3.465,20.4582,7.7001,26.4009,-1.3651,-0.4545,1.691,0.823,30.738,40.389,-4.1366,-10.7361,0.2,0.0,0.0,0.0,-1.4822,-0.8339,1.7,2.4047,-0.6298,0,0,0,0.75,0.157,0.843,0,0,0.0,3,SEARCH_PHASE,-1.3651,-0.4545,24.5948,18.4362
42,3.541,20.4306,7.6902,26.4348,-1.3795,-0.4966,1.6936,0.857,30.71,40.39,-4.1366,-10.7361,0.2,0.0,0.0,0.0,-1.5074,-0.8748,1.7,2.4347,-0.6053,0,0,0,0.747,0.152,0.848,0,0,0.0,3,SEARCH_PHASE,-1.3795,-0.4966,24.5672,18.4263
43,3.615,20.4027,7.6794,26.4687,-1.3945,-0.5401,1.6952,0.891,30.681,40.39,-4.1366,-10.7361,0.2,0.0,0.0,0.0,-1.5326,-0.9156,1.7,2.4652,-0.6487,0,0,0,0.76,0.163,0.837,0,0,0.0,3,SEARCH_PHASE,-1.3945,-0.5401,24.5393,18.4155
44,3.69,20.3745,7.6677,26.5026,-1.4095,-0.5834,1.6964,1.194,30.651,40.39,-4.1366,-10.7361,0.2,0.0,0.0,0.0,-1.5578,-0.9565,1.7,2.4963,-0.604,0,0,0,0.759,0.163,0.837,0,0,0.0,3,SEARCH_PHASE,-1.4095,-0.5834,24.5111,18.4038
45,3.762,20.346,7.6551,26.5365,-1.4236,-0.6303,1.6961,1.22,30.621,40.389,-4.1366,-10.7361,0.2,0.0,0.0,0.0,-1.5828,-0.9975,1.7,2.5279,-0.6142,0,0,0,0.738,0.16,0.84,0,0,0.0,3,SEARCH_PHASE,-1.4236,-0.6303,24.4827,18.3912
46,3.834,20.3173,7.6416,26.5704,-1.4376,-0.6775,1.696,1.247,30.59,40.387,-4.1366,-10.7361,0.2,0.0,0.0,0.0,-1.6078,-1.0385,1.7,2.56,-0.5973,0,0,0,0.729,0.161,0.839,0,0,0.0,3,SEARCH_PHASE,-1.4376,-0.6775,24.4539,18.3776
47,3.902,20.2882,7.627,26.6043,-1.4543,-0.726,1.6953,1.274,30.558,40.385,-4.1366,-10.7361,0.2,0.0,0.0,0.0,-1.6327,-1.0795,1.7,2.5925,-0.601,0,0,0,0.686,0.14,0.86,0,0,0.0,3,SEARCH_PHASE,-1.4543,-0.726,24.4248,18.3631
48,3.971,20.2588,7.6115,26.6382,-1.4705,-0.7749,1.6947,1.301,30.525,40.383,-4.1366,-10.7361,0.2,0.0,0.0,0.0,-1.6576,-1.1205,1.7,2.6255,-0.5911,0,0,0,0.681,0.142,0.858,0,0,0.0,3,SEARCH_PHASE,-1.4705,-0.7749,24.3954,18.3476
49,4.036,20.229,7.5951,26.6721,-1.4897,-0.8244,1.6935,1.328,30.491,40.379,-4.1366,-10.7361,0.2,0.0,0.0,0.0,-1.6824,-1.1616,1.7,2.6589,-0.5924,0,0,0,0.652,0.14,0.86,0,0,0.0,3,SEARCH_PHASE,-1.4897,-0.8244,24.3656,18.3311
50,4.102,20.1988,7.5776,26.706,-1.5081,-0.8743,1.6924,1.355,30.457,40.375,-4.1366,-10.7361,0.2,0.0,0.0,0.0,-1.7072,-1.2027,1.7,2.6928,-0.5659,0,0,0,0.638,0.137,0.863,0,0,0.0,3,SEARCH_PHASE,-1.5081,-0.8743,24.3355,18.3137
51,4.168,20.1682,7.5591,26.7398,-1.529,-0.9246,1.6911,1.382,30.421,40.371,-4.1366,-10.7361,0.2,0.0,0.0,0.0,-1.7319,-1.2438,1.7,2.727,-0.605,0,0,0,0.644,0.142,0.858,0,0,0.0,3,SEARCH_PHASE,-1.529,-0.9246,24.3049,18.2952
52,4.234,20.1372,7.5396,26.7736,-1.5505,-0.9736,1.6902,1.409,30.385,40.366,-4.1366,-10.7361,0.2,0.0,0.0,0.0,-1.7566,-1.285,1.7,2.7617,-0.5588,0,0,0,0.608,0.136,0.864,0,0,0.0,3,SEARCH_PHASE,-1.5505,-0.9736,24.2739,18.2757
53,4.299,20.1058,7.5191,26.8074,-1.5726,-1.0246,1.6885,1.437,30.347,40.36,-4.1366,-10.7361,0.2,0.0,0.0,0.0,-1.7812,-1.3263,1.7,2.7967,-0.5791,0,0,0,0.593,0.143,0.857,0,0,0.0,3,SEARCH_PHASE,-1.5726,-1.0246,24.2424,18.2552
54,4.365,20.0739,7.4976,26.8411,-1.5957,-1.0742,1.6873,1.464,30.309,40.353,-4.1366,-10.7361,0.2,0.0,0.0,0.0,-1.7973,-1.3536,1.7,2.82,-0.5507,0,0,0,0.537,0.137,0.863,0,0,0.0,3,SEARCH_PHASE,-1.5957,-1.0742,24.2105,18.2337
55,4.431,20.0415,7.4751,26.8748,-1.6179,-1.1239,1.6855,1.492,30.269,40.346,-4.1366,-10.7361,0.2,0.0,0.0,0.0,-1.7972,-1.3537,1.7,2.82,-0.555,0,0,0,0.501,0.138,0.862,0,0,0.0,3,SEARCH_PHASE,-1.6179,-1.1239,24.1781,18.2112
56,4.496,20.0087,7.4517,26.9085,-1.6408,-1.1716,1.6826,1.519,30.229,40.338,-4.1366,-10.7361,0.2,0.0,0.0,0.0,-1.7972,-1.3538,1.7,2.82,-0.5356,0,0,0,0.451,0.138,0.862,0,0,0.0,3,SEARCH_PHASE,-1.6408,-1.1716,24.1453,18.1878
57,4.562,19.9755,7.4274,26.9421,-1.6624,-1.2179,1.6793,1.57,30.188,40.329,-4.1366,-10.7361,0.2,0.0,0.0,0.0,-1.7972,-1.3538,1.7,2.82,-0.5326,0,0,0,0.464,0.139,0.861,0,0,0.0,3,SEARCH_PHASE,-1.6624,-1.2179,24.1121,18.1634
58,4.628,19.9417,7.4021,26.9756,-1.6852,-1.2617,1.6758,1.638,30.146,40.32,-4.1366,-10.7361,0.2,0.0,0.0,0.0,-1.7972,-1.3538,1.7,2.82,-0.5204,0,0,0,0.316,0.129,0.871,0,0,0.0,3,SEARCH_PHASE,-1.6852,-1.2617,24.0784,18.1382
59,4.693,19.9076,7.3761,27.009,-1.7057,-1.3029,1.673,1.707,30.103,40.31,-4.1366,-10.7361,0.2,0.0,0.0,0.0,-1.7972,-1.3538,1.7,2.82,-0.5179,0,0,0,0.281,0.125,0.875,0,0,0.0,3,SEARCH_PHASE,-1.7057,-1.3029,24.0443,18.1122
60,4.759,19.8731,7.3493,27.0424,-1.7272,-1.3409,1.6706,1.778,30.059,40.3,-4.1366,-10.7361,0.2,0.0,0.0,0.0,-1.7972,-1.3537,1.7,2.82,-0.4952,0,0,0,0.267,0.13,0.87,0,0,0.0,3,SEARCH_PHASE,-1.7272,-1.3409,24.0097,18.0853
61,4.826,19.8382,7.3217,27.0758,-1.746,-1.3757,1.6696,1.849,30.015,40.289,-4.1366,-10.7361,0.2,0.0,0.0,0.0,-1.7972,-1.3537,1.7,2.82,-0.4934,0,0,0,0.27,0.127,0.873,0,0,0.0,3,SEARCH_PHASE,-1.746,-1.3757,23.9748,18.0578
62,4.892,19.8029,7.2936,27.1092,-1.7645,-1.4059,1.6695,1.921,29.969,40.277,-4.1366,-10.7361,0.2,0.0,0.0,0.0,-1.7973,-1.3536,1.7,2.82,-0.4883,0,0,0,0.27,0.132,0.868,0,0,0.0,3,SEARCH_PHASE,-1.7645,-1.4059,23.9395,18.0297
63,4.958,19.7673,7.265,27.1426,-1.779,-1.4315,1.6706,1.994,29.924,40.266,-4.1366,-10.7361,0.2,0.0,0.0,0.0,-1.7974,-1.3535,1.7,2.82,-0.4863,0,0,0,0.272,0.132,0.868,0,0,0.0,3,SEARCH_PHASE,-1.779,-1.4315,23.9039,18.0011
64,5.024,19.7314,7.2359,27.1761,-1.7933,-1.4523,1.6722,2.067,29.878,40.254,-4.1366,-10.7361,0.2,0.0,0.0,0.0,-1.7974,-1.3534,1.7,2.82,-0.4807,0,0,0,0.269,0.129,0.871,0,0,0.0,3,SEARCH_PHASE,-1.7933,-1.4523,23.8681,17.972
65,5.09,19.6954,7.2066,27.2096,-1.8039,-1.4684,1.6743,2.141,29.831,40.242,-4.1366,-10.7361,0.2,0.0,0.0,0.0,-1.7975,-1.3533,1.7,2.82,-0.4792,0,0,0,0.268,0.128,0.872,0,0,0.0,3,SEARCH_PHASE,-1.8039,-1.4684,23.832,17.9427
66,5.156,19.6591,7.177,27.2431,-1.8147,-1.4798,1.6767,2.216,29.784,40.23,-4.1366,-10.7361,0.2,0.0,0.0,0.0,-1.7976,-1.3532,1.7,2.82,-0.4733,0,0,0,0.264,0.124,0.876,0,0,0.0,3,SEARCH_PHASE,-1.8147,-1.4798,23.7957,17.9131
67,5.223,19.6226,7.1472,27.2767,-1.822,-1.4866,1.6791,2.298,29.737,40.218,-4.1366,-10.7361,0.2,0.0,0.0,0.0,-1.7977,-1.3531,1.7,2.82,-0.4722,0,0,0,0.263,0.126,0.874,0,0,0.0,3,SEARCH_PHASE,-1.822,-1.4866,23.7592,17.8833
68,5.29,19.586,7.1175,27.3103,-1.8299,-1.4885,1.6812,2.386,29.69,40.205,-4.1366,-10.7361,0.2,0.0,0.0,0.0,-1.7978,-1.353,1.7,2.82,-0.4891,0,0,0,0.26,0.119,0.881,0,0,0.0,3,SEARCH_PHASE,-1.8299,-1.4885,23.7226,17.8536
69,5.357,19.5493,7.0878,27.344,-1.8345,-1.4859,1.6832,2.475,29.643,40.193,-4.1366,-10.7361,0.2,0.0,0.0,0.0,-1.7978,-1.3529,1.7,2.82,-0.4888,0,0,0,0.261,0.122,0.878,0,0,0.0,3,SEARCH_PHASE,-1.8345,-1.4859,23.686,17.8238
70,5.424,19.5126,7.0581,27.3777,-1.838,-1.4805,1.685,2.564,29.596,40.181,-4.1366,-10.7361,0.2,0.0,0.0,0.0,-1.7979,-1.3528,1.7,2.82,-0.4825,0,0,0,0.258,0.119,0.881,0,0,0.0,3,SEARCH_PHASE,-1.838,-1.4805,23.6492,17.7942
71,5.491,19.4758,7.0287,27.4114,-1.8375,-1.4726,1.6864,2.652,29.549,40.17,-4.1366,-10.7361,0.2,0.0,0.0,0.0,-1.798,-1.3527,1.7,2.82,-0.4915,0,0,0,0.258,0.125,0.875,0,0,0.0,3,SEARCH_PHASE,-1.8375,-1.4726,23.6124,17.7648
72,5.558,19.4391,6.9995,27.4451,-1.8367,-1.4618,1.6875,2.741,29.502,40.158,-4.1366,-10.7361,0.2,0.0,0.0,0.0,-1.798,-1.3526,1.7,2.82,-0.485,0,0,0,0.255,0.126,0.874,0,0,0.0,3,SEARCH_PHASE,-1.8367,-1.4618,23.5757,17.7355
73,5.625,19.4024,6.9705,27.4789,-1.8331,-1.4495,1.6882,2.828,29.455,40.147,-4.1366,-10.7361,0.2,0.0,0.0,0.0,-1.7981,-1.3526,1.7,2.82,-0.4843,0,0,0,0.256,0.123,0.877,0,0,0.0,3,SEARCH_PHASE,-1.8331,-1.4495,23.539,17.7066
74,5.692,19.3658,6.9418,27.5127,-1.8305,-1.4352,1.6883,2.915,29.409,40.135,-4.1366,-10.7361,0.2,0.0,0.0,0.0,-1.7981,-1.3525,1.7,2.82,-0.5023,0,0,0,0.256,0.116,0.884,0,0,0.0,3,SEARCH_PHASE,-1.8305,-1.4352,23.5024,17.6778
75,5.759,19.3293,6.9134,27.5464,-1.8255,-1.4193,1.6882,3.002,29.362,40.125,-4.1366,-10.7361,0.2,0.0,0.0,0.0,-1.7982,-1.3525,1.7,2.82,-0.493,0,0,0,0.255,0.122,0.878,0,0,0.0,3,SEARCH_PHASE,-1.8255,-1.4193,23.4659,17.6495
76,5.826,19.2929,6.8853,27.5802,-1.8201,-1.4033,1.6881,3.088,29.316,40.114,-4.1366,-10.7361,0.2,0.0,0.0,0.0,-1.7982,-1.3524,1.7,2.82,-0.5073,0,0,0,0.256,0.123,0.877,0,0,0.0,3,SEARCH_PHASE,-1.8201,-1.4033,23.4295,17.6214
77,5.893,19.2566,6.8576,27.614,-1.8132,-1.3871,1.688,3.174,29.271,40.104,-4.1366,-10.7361,0.2,0.0,0.0,0.0,-1.7982,-1.3524,1.7,2.82,-0.4949,0,0,0,0.259,0.122,0.878,0,0,0.0,3,SEARCH_PHASE,-1.8132,-1.3871,23.3933,17.5937
78,5.959,19.2205,6.8301,27.6477,-1.8072,-1.3719,1.688,3.321,29.225,40.094,-4.1366,-10.7361,0.2,0.0,0.0,0.0,-1.7982,-1.3524,1.7,2.82,-0.4865,0,0,0,0.257,0.119,0.881,0,0,0.0,3,SEARCH_PHASE,-1.8072,-1.3719,23.3571,17.5662
79,6.029,19.1845,6.803,27.6815,-1.7992,-1.3572,1.6879,3.5,29.18,40.084,-4.1366,-10.7361,0.2,0.0,0.0,0.0,-1.7982,-1.3524,1.7,2.82,-0.4873,0,0,0,0.26,0.125,0.875,0,0,0.0,3,SEARCH_PHASE,-1.7992,-1.3572,23.3211,17.5391
80,6.099,19.1486,6.7761,27.7152,-1.7932,-1.3422,1.6874,3.679,29.136,40.075,-4.1366,-10.7361,0.2,0.0,0.0,0.0,-1.7982,-1.3524,1.7,2.82,-0.5049,0,0,0,0.261,0.127,0.873,0,0,0.0,3,SEARCH_PHASE,-1.7932,-1.3422,23.2853,17.5122
81,6.168,19.1129,6.7496,27.749,-1.7858,-1.3275,1.6872,3.856,29.091,40.065,-4.1366,-10.7361,0.2,0.0,0.0,0.0,-1.7982,-1.3524,1.7,2.82,-0.4779,0,0,0,0.263,0.129,0.871,0,0,0.0,3,SEARCH_PHASE,-1.7858,-1.3275,23.2496,17.4857
82,6.238,19.0774,6.7233,27.7827,-1.7789,-1.3148,1.6873,4.014,29.047,40.057,-4.1366,-10.7361,0.2,0.0,0.0,0.0,-1.7982,-1.3524,1.7,2.82,-0.5162,0,0,0,0.266,0.129,0.871,0,0,0.0,3,SEARCH_PHASE,-1.7789,-1.3148,23.214,17.4594
83,6.308,19.0419,6.6973,27.8165,-1.7714,-1.3022,1.6875,4.135,29.003,40.048,-4.1366,-10.7361,0.2,0.0,0.0,0.0,-1.7982,-1.3525,1.7,2.82,-0.4653,0,0,0,0.266,0.12,0.88,0,0,0.0,3,SEARCH_PHASE,-1.7714,-1.3022,23.1785,17.4333
84,6.377,19.0066,6.6714,27.8502,-1.7642,-1.2931,1.6876,4.255,28.959,40.04,-4.1366,-10.7361,0.2,0.0,0.0,0.0,-1.7981,-1.3525,1.7,2.82,-0.5033,0,0,0,0.27,0.124,0.876,0,0,0.0,3,SEARCH_PHASE,-1.7642,-1.2931,23.1433,17.4075
85,6.45,18.9715,6.6457,27.884,-1.7563,-1.2837,1.6877,4.374,28.916,40.031,-4.1366,-10.7361,0.2,0.0,0.0,0.0,-1.7981,-1.3525,1.7,2.82,-0.4676,0,0,0,0.27,0.12,0.88,0,0,0.0,3,SEARCH_PHASE,-1.7563,-1.2837,23.1081,17.3818
86,6.544,18.9365,6.6202,27.9177,-1.7488,-1.2774,1.6879,4.493,28.872,40.024,-4.1366,-10.7361,0.2,0.0,0.0,0.0,-1.7981,-1.3526,1.7,2.82,-0.4994,0,0,0,0.273,0.125,0.875,0,0,0.0,3,SEARCH_PHASE,-1.7488,-1.2774,23.0732,17.3563
87,6.638,18.9017,6.5947,27.9515,-1.7425,-1.2716,1.6884,4.612,28.829,40.016,-4.1366,-10.7361,0.2,0.0,0.0,0.0,-1.798,-1.3526,1.7,2.82,-0.4489,0,0,0,0.272,0.126,0.874,0,0,0.0,3,SEARCH_PHASE,-1.7425,-1.2716,23.0383,17.3308
88,6.732,18.8669,6.5694,27.9853,-1.7373,-1.2691,1.6888,4.73,28.786,40.008,-4.1366,-10.7361,0.2,0.0,0.0,0.0,-1.798,-1.3526,1.7,2.82,-0.4861,0,0,0,0.274,0.13,0.87,0,0,0.0,3,SEARCH_PHASE,-1.7373,-1.2691,23.0036,17.3054
89,6.826,18.8323,6.544,28.0191,-1.7323,-1.2662,1.6892,4.848,28.743,40.001,-4.1366,-10.7361,0.2,0.0,0.0,0.0,-1.798,-1.3527,1.7,2.82,-0.436,0,0,0,0.273,0.124,0.876,0,0,0.0,3,SEARCH_PHASE,-1.7323,-1.2662,22.9689,17.2801
90,6.921,18.7977,6.5187,28.0528,-1.7284,-1.2661,1.6894,4.966,28.7,39.994,-4.1366,-10.7361,0.2,0.0,0.0,0.0,-1.798,-1.3527,1.7,2.82,-0.4725,0,0,0,0.274,0.128,0.872,0,0,0.0,3,SEARCH_PHASE,-1.7284,-1.2661,22.9344,17.2548
91,7.016,18.7632,6.4934,28.0866,-1.7247,-1.2652,1.6897,5.088,28.658,39.987,-4.1366,-10.7361,0.2,0.0,0.0,0.0,-1.7979,-1.3527,1.7,2.82,-0.4229,0,0,0,0.273,0.13,0.87,0,0,0.0,3,SEARCH_PHASE,-1.7247,-1.2652,22.8999,17.2295
92,7.111,18.7288,6.4681,28.1204,-1.7222,-1.2666,1.6897,5.29,28.615,39.98,-4.1366,-10.7361,0.2,0.0,0.0,0.0,-1.7979,-1.3528,1.7,2.82,-0.4588,0,0,0,0.274,0.132,0.868,0,0,0.0,3,SEARCH_PHASE,-1.7222,-1.2666,22.8654,17.2042
93,7.205,18.6944,6.4427,28.1542,-1.7196,-1.2667,1.6899,5.493,28.572,39.973,-4.1366,-10.7361,0.2,0.0,0.0,0.0,-1.7979,-1.3528,1.7,2.82,-0.4134,0,0,0,0.272,0.13,0.87,0,0,0.0,3,SEARCH_PHASE,-1.7196,-1.2667,22.831,17.1788
94,7.299,18.66,6.4174,28.188,-1.7183,-1.2687,1.6899,5.695,28.529,39.966,-4.1366,-10.7361,0.2,0.0,0.0,0.0,-1.7979,-1.3528,1.7,2.82,-0.4486,0,0,0,0.273,0.13,0.87,0,0,0.0,3,SEARCH_PHASE,-1.7183,-1.2687,22.7967,17.1534
95,7.393,18.6257,6.392,28.2218,-1.7174,-1.2693,1.69,5.897,28.487,39.959,-4.1366,-10.7361,0.2,0.0,0.0,0.0,-1.7979,-1.3528,1.7,2.82,-0.4098,0,0,0,0.272,0.139,0.861,0,0,0.0,3,SEARCH_PHASE,-1.7174,-1.2693,22.7623,17.1281
96,7.486,18.5913,6.3665,28.2556,-1.7182,-1.2716,1.6901,6.1,28.444,39.952,-4.1366,-10.7361,0.2,0.0,0.0,0.0,-1.7978,-1.3529,1.7,2.82,-0.4441,0,0,0,0.273,0.136,0.864,0,0,0.0,3,SEARCH_PHASE,-1.7182,-1.2716,22.7279,17.1026
97,7.58,18.5569,6.3411,28.2894,-1.7191,-1.2728,1.6902,6.303,28.401,39.946,-4.1366,-10.7361,0.2,0.0,0.0,0.0,-1.7978,-1.3529,1.7,2.82,-0.3961,0,0,0,0.271,0.129,0.871,0,0,0.0,3,SEARCH_PHASE,-1.7191,-1.2728,22.6936,17.0772
98,7.677,18.5225,6.3156,28.3232,-1.7213,-1.2762,1.6901,6.506,28.358,39.939,-4.1366,-10.7361,0.2,0.0,0.0,0.0,-1.7978,-1.3529,1.7,2.82,-0.4297,0,0,0,0.272,0.127,0.873,0,0,0.0,3,SEARCH_PHASE,-1.7213,-1.2762,22.6591,17.0516
99,7.773,18.488,6.29,28.357,-1.7234,-1.278,1.6901,6.719,28.315,39.932,-4.1366,-10.7361,0.2,0.0,0.0,0.0,-1.7978,-1.3529,1.7,2.82,-0.3823,0,0,0,0.271,0.129,0.871,0,0,0.0,3,SEARCH_PHASE,-1.7234,-1.278,22.6247,17.0261
100,7.874,18.4535,6.2644,28.3908,-1.7269,-1.2815,1.69,6.843,28.272,39.926,-4.1366,-10.7361,0.2,0.0,0.0,0.0,-1.7978,-1.3529,1.7,2.82,-0.415,0,0,0,0.271,0.13,0.87,0,0,0.0,3,SEARCH_PHASE,-1.7269,-1.2815,22.5901,17.0005
101,7.978,18.4189,6.2387,28.4246,-1.7301,-1.283,1.6898,6.968,28.229,39.919,-4.1366,-10.7361,0.2,0.0,0.0,0.0,-1.7978,-1.353,1.7,2.82,-0.3854,0,0,0,0.27,0.126,0.874,0,0,0.0,3,SEARCH_PHASE,-1.7301,-1.283,22.5555,16.9748
102,8.084,18.3842,6.213,28.4584,-1.7344,-1.2858,1.6897,7.093,28.186,39.912,-4.1366,-10.7361,0.2,0.0,0.0,0.0,-1.7978,-1.353,1.7,2.82,-0.4174,0,0,0,0.272,0.129,0.871,0,0,0.0,3,SEARCH_PHASE,-1.7344,-1.2858,22.5208,16.9491
103,8.191,18.3495,6.1872,28.4922,-1.738,-1.2876,1.689,7.218,28.143,39.906,-4.1366,-10.7361,0.2,0.0,0.0,0.0,-1.7977,-1.353,1.7,2.82,-0.3753,0,0,0,0.268,0.128,0.872,0,0,0.0,3,SEARCH_PHASE,-1.738,-1.2876,22.4861,16.9233
104,8.296,18.3146,6.1614,28.526,-1.7423,-1.2916,1.6891,7.343,28.1,39.899,-4.1366,-10.7361,0.2,0.0,0.0,0.0,-1.7977,-1.353,1.7,2.82,-0.4101,0,0,0,0.27,0.128,0.872,0,0,0.0,3,SEARCH_PHASE,-1.7423,-1.2916,22.4512,16.8975
105,8.403,18.2797,6.1355,28.5598,-1.7456,-1.2944,1.6891,7.469,28.056,39.893,-4.1366,-10.7361,0.2,0.0,0.0,0.0,-1.7977,-1.353,1.7,2.82,-0.3678,0,0,0,0.267,0.126,0.874,0,0,0.0,3,SEARCH_PHASE,-1.7456,-1.2944,22.4163,16.8716
106,8.509,18.2447,6.1095,28.5936,-1.7496,-1.2992,1.689,7.594,28.012,39.886,-4.1366,-10.7361,0.2,0.0,0.0,0.0,-1.7977,-1.3531,1.7,2.82,-0.4026,0,0,0,0.267,0.128,0.872,0,0,0.0,3,SEARCH_PHASE,-1.7496,-1.2992,22.3813,16.8456
107,8.613,18.2097,6.0835,28.6273,-1.7525,-1.3024,1.6884,7.72,27.969,39.879,-4.1366,-10.7361,0.2,0.0,0.0,0.0,-1.7977,-1.3531,1.7,2.82,-0.3667,0,0,0,0.264,0.124,0.876,0,0,0.0,3,SEARCH_PHASE,-1.7525,-1.3024,22.3463,16.8196
108,8.718,18.1745,6.0574,28.6611,-1.7559,-1.3071,1.6885,7.847,27.925,39.873,-4.1366,-10.7361,0.2,0.0,0.0,0.0,-1.7977,-1.3531,1.7,2.82,-0.407,0,0,0,0.263,0.12,0.88,0,0,0.0,3,SEARCH_PHASE,-1.7559,-1.3071,22.3112,16.7934
109,8.823,18.1394,6.0312,28.6949,-1.7582,-1.3101,1.6887,7.973,27.881,39.866,-4.1366,-10.7361,0.2,0.0,0.0,0.0,-1.7977,-1.3531,1.7,2.82,-0.3694,0,0,0,0.26,0.119,0.881,0,0,0.0,3,SEARCH_PHASE,-1.7582,-1.3101,22.276,16.7672
110,8.926,18.1042,6.0049,28.7286,-1.7609,-1.3144,1.6887,8.1,27.837,39.86,-4.1366,-10.7361,0.2,0.0,0.0,0.0,-1.7977,-1.3531,1.7,2.82,-0.4101,0,0,0,0.259,0.114,0.886,0,0,0.0,3,SEARCH_PHASE,-1.7609,-1.3144,22.2408,16.7409
111,9.031,18.0689,5.9785,28.7624,-1.7624,-1.3166,1.6887,8.227,27.793,39.853,-4.1366,-10.7361,0.2,0.0,0.0,0.0,-1.7976,-1.3531,1.7,2.82,-0.3717,0,0,0,0.256,0.109,0.891,0,0,0.0,3,SEARCH_PHASE,-1.7624,-1.3166,22.2055,16.7146
112,9.132,18.0336,5.9521,28.7962,-1.7643,-1.3197,1.6887,8.332,27.749,39.847,-4.1366,-10.7361,0.2,0.0,0.0,0.0,-1.7976,-1.3531,1.7,2.82,-0.4127,0,0,0,0.253,0.11,0.89,0,0,0.0,3,SEARCH_PHASE,-1.7643,-1.3197,22.1703,16.6882
113,9.231,17.9983,5.9257,28.83,-1.7648,-1.3202,1.6886,8.432,27.705,39.84,-4.1366,-10.7361,0.2,0.0,0.0,0.0,-1.7976,-1.3531,1.7,2.82,-0.3947,0,0,0,0.252,0.111,0.889,0,0,0.0,3,SEARCH_PHASE,-1.7648,-1.3202,22.135,16.6618
114,9.331,17.963,5.8993,28.8637,-1.7655,-1.3213,1.6887,8.53,27.661,39.834,-4.1366,-10.7361,0.2,0.0,0.0,0.0,-1.7976,-1.3532,1.7,2.82,-0.4339,0,0,0,0.254,0.109,0.891,0,0,0.0,3,SEARCH_PHASE,-1.7655,-1.3213,22.0996,16.6354
115,9.436,17.9277,5.8729,28.8975,-1.7646,-1.3211,1.6883,8.611,27.617,39.828,-4.1366,-10.7361,0.2,0.0,0.0,0.0,-1.7976,-1.3532,1.7,2.82,-0.389,0,0,0,0.251,0.111,0.889,0,0,0.0,3,SEARCH_PHASE,-1.7646,-1.3211,22.0644,16.609
116,9.538,17.8925,5.8464,28.9313,-1.7637,-1.3232,1.6884,8.691,27.573,39.821,-4.1366,-10.7361,0.2,0.0,0.0,0.0,-1.7976,-1.3532,1.7,2.82,-0.4066,0,0,0,0.25,0.11,0.89,0,0,0.0,3,SEARCH_PHASE,-1.7637,-1.3232,22.0291,16.5825
117,9.641,17.8572,5.8199,28.965,-1.7612,-1.3242,1.6885,8.771,27.529,39.815,-4.1366,-10.7361,0.2,0.0,0.0,0.0,-1.7976,-1.3532,1.7,2.82,-0.3661,0,0,0,0.243,0.105,0.895,0,0,0.0,3,SEARCH_PHASE,-1.7612,-1.3242,21.9939,16.556
118,9.743,17.822,5.7934,28.9988,-1.7594,-1.3258,1.6887,8.852,27.485,39.809,-4.1366,-10.7361,0.2,0.0,0.0,0.0,-1.7976,-1.3532,1.7,2.82,-0.4008,0,0,0,0.242,0.106,0.894,0,0,0.0,3,SEARCH_PHASE,-1.7594,-1.3258,21.9587,16.5295
119,9.846,17.7869,5.7669,29.0326,-1.7567,-1.325,1.6882,8.932,27.441,39.803,-4.1366,-10.7361,0.2,0.0,0.0,0.0,-1.7976,-1.3532,1.7,2.82,-0.3768,0,0,0,0.239,0.104,0.896,0,0,0.0,3,SEARCH_PHASE,-1.7567,-1.325,21.9235,16.503
120,9.949,17.7518,5.7404,29.0664,-1.7548,-1.3247,1.6886,9.012,27.397,39.798,-4.1366,-10.7361,0.2,0.0,0.0,0.0,-1.7976,-1.3532,1.7,2.82,-0.4182,0,0,0,0.238,0.101,0.899,0,0,0.0,3,SEARCH_PHASE,-1.7548,-1.3247,21.8884,16.4765
121,10.052,17.7168,5.714,29.1001,-1.7519,-1.3229,1.6888,9.093,27.353,39.792,-4.1366,-10.7361,0.2,0.0,0.0,0.0,-1.7976,-1.3532,1.7,2.82,-0.3808,0,0,0,0.234,0.097,0.903,0,0,0.0,3,SEARCH_PHASE,-1.7519,-1.3229,21.8534,16.45
122,10.153,17.6818,5.6875,29.1339,-1.7496,-1.3227,1.6885,9.173,27.309,39.786,-4.1366,-10.7361,0.2,0.0,0.0,0.0,-1.7976,-1.3532,1.7,2.82,-0.4218,0,0,0,0.233,0.102,0.898,0,0,0.0,3,SEARCH_PHASE,-1.7496,-1.3227,21.8184,16.4236
123,10.253,17.6469,5.6611,29.1677,-1.7465,-1.3206,1.6888,9.253,27.265,39.781,-4.1366,-10.7361,0.2,0.0,0.0,0.0,-1.7976,-1.3531,1.7,2.82,-0.3811,0,0,0,0.228,0.097,0.903,0,0,0.0,3,SEARCH_PHASE,-1.7465,-1.3206,21.7835,16.3972
124,10.354,17.612,5.6347,29.2015,-1.7442,-1.3199,1.6889,9.333,27.221,39.775,-4.1366,-10.7361,0.2,0.0,0.0,0.0,-1.7976,-1.3531,1.7,2.82,-0.4212,0,0,0,0.227,0.103,0.897,0,0,0.0,3,SEARCH_PHASE,-1.7442,-1.3199,21.7486,16.3708
125,10.453,17.5771,5.6084,29.2352,-1.7413,-1.3171,1.6889,9.413,27.178,39.77,-4.1366,-10.7361,0.2,0.0,0.0,0.0,-1.7976,-1.3531,1.7,2.82,-0.3924,0,0,0,0.221,0.104,0.896,0,0,0.0,3,SEARCH_PHASE,-1.7413,-1.3171,21.7138,16.3444
126,10.553,17.5424,5.5821,29.269,-1.7392,-1.3153,1.6885,9.493,27.134,39.765,-4.1366,-10.7361,0.2,0.0,0.0,0.0,-1.7977,-1.3531,1.7,2.82,-0.4301,0,0,0,0.223,0.106,0.894,0,0,0.0,3,SEARCH_PHASE,-1.7392,-1.3153,21.679,16.3181
127,10.658,17.5076,5.5558,29.3028,-1.7372,-1.3122,1.6888,9.573,27.091,39.76,-4.1366,-10.7361,0.2,0.0,0.0,0.0,-1.7977,-1.3531,1.7,2.82,-0.3822,0,0,0,0.216,0.105,0.895,0,0,0.0,3,SEARCH_PHASE,-1.7372,-1.3122,21.6442,16.2919
128,10.772,17.4729,5.5296,29.3366,-1.7367,-1.311,1.689,9.653,27.047,39.755,-4.1366,-10.7361,0.2,0.0,0.0,0.0,-1.7977,-1.3531,1.7,2.82,-0.4153,0,0,0,0.216,0.098,0.902,0,0,0.0,3,SEARCH_PHASE,-1.7367,-1.311,21.6095,16.2657
129,10.882,17.4382,5.5034,29.3703,-1.7362,-1.3083,1.6889,9.724,27.004,39.75,-4.1366,-10.7361,0.2,0.0,0.0,0.0,-1.7977,-1.3531,1.7,2.82,-0.3706,0,0,0,0.208,0.091,0.909,0,0,0.0,3,SEARCH_PHASE,-1.7362,-1.3083,21.5748,16.2395
130,10.987,17.4034,5.4773,29.4041,-1.7372,-1.3071,1.6891,9.792,26.96,39.746,-4.1366,-10.7361,0.2,0.0,0.0,0.0,-1.7977,-1.3531,1.7,2.82,-0.404,0,0,0,0.208,0.1,0.9,0,0,0.0,3,SEARCH_PHASE,-1.7372,-1.3071,21.54,16.2134
131,11.098,17.3687,5.4512,29.4379,-1.7381,-1.304,1.6889,9.86,26.917,39.741,-4.1366,-10.7361,0.2,0.0,0.0,0.0,-1.7977,-1.3531,1.7,2.82,-0.3912,0,0,0,0.205,0.099,0.901,0,0,0.0,3,SEARCH_PHASE,-1.7381,-1.304,21.5053,16.1873
132,11.212,17.3338,5.4252,29.4717,-1.7402,-1.3021,1.6883,9.928,26.873,39.737,-4.1366,-10.7361,0.2,0.0,0.0,0.0,-1.7977,-1.3531,1.7,2.82,-0.4217,0,0,0,0.211,0.101,0.899,0,0,0.0,3,SEARCH_PHASE,-1.7402,-1.3021,21.4705,16.1612
133,11.325,17.299,5.3992,29.5054,-1.7416,-1.3002,1.6888,9.995,26.83,39.732,-4.1366,-10.7361,0.2,0.0,0.0,0.0,-1.7976,-1.3531,1.7,2.82,-0.379,0,0,0,0.202,0.088,0.912,0,0,0.0,3,SEARCH_PHASE,-1.7416,-1.3002,21.4356,16.1352
134,11.432,17.2641,5.3731,29.5392,-1.7439,-1.3007,1.689,10.053,26.786,39.728,-4.1366,-10.7361,0.2,0.0,0.0,0.0,-1.7976,-1.3532,1.7,2.82,-0.4149,0,0,0,0.208,0.1,0.9,0,0,0.0,3,SEARCH_PHASE,-1.7439,-1.3007,21.4008,16.1092
135,11.532,17.2292,5.3471,29.573,-1.7456,-1.3001,1.6892,10.096,26.743,39.723,-4.1366,-10.7361,0.2,0.0,0.0,0.0,-1.7976,-1.3532,1.7,2.82,-0.3723,0,0,0,0.196,0.084,0.916,0,0,0.0,3,SEARCH_PHASE,-1.7456,-1.3001,21.3658,16.0832
136,11.646,17.1943,5.3211,29.6068,-1.7482,-1.3015,1.6892,10.138,26.699,39.719,-4.1366,-10.7361,0.2,0.0,0.0,0.0,-1.7976,-1.3532,1.7,2.82,-0.4079,0,0,0,0.198,0.096,0.904,0,0,0.0,3,SEARCH_PHASE,-1.7482,-1.3015,21.3309,16.0572
137,11.77,17.1593,5.2951,29.6406,-1.75,-1.3014,1.6893,10.18,26.655,39.715,-4.1366,-10.7361,0.2,0.0,0.0,0.0,-1.7976,-1.3532,1.7,2.82,-0.3653,0,0,0,0.191,0.079,0.921,0,0,0.0,3,SEARCH_PHASE,-1.75,-1.3014,21.2959,16.0312
138,11.888,17.1242,5.269,29.6744,-1.7525,-1.3029,1.6892,10.223,26.612,39.711,-4.1366,-10.7361,0.2,0.0,0.0,0.0,-1.7976,-1.3532,1.7,2.82,-0.4006,0,0,0,0.191,0.086,0.914,0,0,0.0,3,SEARCH_PHASE,-1.7525,-1.3029,21.2608,16.0051
139,12.005,17.0891,5.243,29.7081,-1.7541,-1.3025,1.6885,10.265,26.568,39.706,-4.1366,-10.7361,0.2,0.0,0.0,0.0,-1.7976,-1.3532,1.7,2.82,-0.3732,0,0,0,0.186,0.089,0.911,0,0,0.0,3,SEARCH_PHASE,-1.7541,-1.3025,21.2258,15.9791
140,12.124,17.054,5.2169,29.7419,-1.7563,-1.3032,1.6887,10.307,26.524,39.702,-4.1366,-10.7361,0.2,0.0,0.0,0.0,-1.7976,-1.3533,1.7,2.82,-0.4133,0,0,0,0.187,0.083,0.917,0,0,0.0,3,SEARCH_PHASE,-1.7563,-1.3032,21.1906,15.953
141,12.242,17.0189,5.1909,29.7757,-1.7573,-1.3026,1.6889,10.35,26.481,39.698,-4.1366,-10.7361,0.2,0.0,0.0,0.0,-1.7975,-1.3533,1.7,2.82,-0.375,0,0,0,0.182,0.085,0.915,0,0,0.0,3,SEARCH_PHASE,-1.7573,-1.3026,21.1555,15.9269
142,12.352,16.9837,5.1648,29.8095,-1.7586,-1.3037,1.689,10.396,26.437,39.694,-4.1366,-10.7361,0.2,0.0,0.0,0.0,-1.7975,-1.3533,1.7,2.82,-0.4156,0,0,0,0.182,0.076,0.924,0,0,0.0,3,SEARCH_PHASE,-1.7586,-1.3037,21.1203,15.9009
143,12.461,16.9485,5.1387,29.8432,-1.7586,-1.3031,1.689,10.441,26.393,39.69,-4.1366,-10.7361,0.2,0.0,0.0,0.0,-1.7975,-1.3533,1.7,2.82,-0.3798,0,0,0,0.175,0.078,0.922,0,0,0.0,3,SEARCH_PHASE,-1.7586,-1.3031,21.0851,15.8748
144,12.567,16.9133,5.1126,29.877,-1.7587,-1.3038,1.6889,10.487,26.349,39.686,-4.1366,-10.7361,0.2,0.0,0.0,0.0,-1.7975,-1.3533,1.7,2.82,-0.4207,0,0,0,0.174,0.071,0.929,0,0,0.0,3,SEARCH_PHASE,-1.7587,-1.3038,21.05,15.8487
145,12.673,16.8782,5.0866,29.9108,-1.758,-1.3025,1.689,10.532,26.305,39.683,-4.1366,-10.7361,0.2,0.0,0.0,0.0,-1.7975,-1.3534,1.7,2.82,-0.3945,0,0,0,0.17,0.074,0.926,0,0,0.0,3,SEARCH_PHASE,-1.758,-1.3025,21.0148,15.8227
146,12.782,16.843,5.0605,29.9446,-1.7581,-1.3025,1.689,10.578,26.262,39.679,-4.1366,-10.7361,0.2,0.0,0.0,0.0,-1.7975,-1.3534,1.7,2.82,-0.4325,0,0,0,0.175,0.079,0.921,0,0,0.0,3,SEARCH_PHASE,-1.7581,-1.3025,20.9796,15.7966
147,12.891,16.8079,5.0345,29.9783,-1.7569,-1.3013,1.6885,10.623,26.218,39.675,-4.1366,-10.7361,0.2,0.0,0.0,0.0,-1.7974,-1.3534,1.7,2.82,-0.3905,0,0,0,0.173,0.078,0.922,0,0,0.0,3,SEARCH_PHASE,-1.7569,-1.3013,20.9445,15.7706
148,13.0,16.7728,5.0085,30.0121,-1.7561,-1.3025,1.6888,10.669,26.174,39.672,-4.1366,-10.7361,0.2,0.0,0.0,0.0,-1.7974,-1.3534,1.7,2.82,-0.4273,0,0,0,0.176,0.081,0.919,0,0,0.0,3,SEARCH_PHASE,-1.7561,-1.3025,20.9094,15.7446
149,13.11,16.7377,4.9824,30.0459,-1.7541,-1.3029,1.6891,10.714,26.131,39.668,-4.1366,-10.7361,0.2,0.0,0.0,0.0,-1.7974,-1.3535,1.7,2.82,-0.3832,0,0,0,0.17,0.079,0.921,0,0,0.0,3,SEARCH_PHASE,-1.7541,-1.3029,20.8743,15.7185
150,13.221,16.7026,4.9563,30.0797,-1.7525,-1.3056,1.6891,10.76,26.087,39.665,-4.1366,-10.7361,0.2,0.0,0.0,0.0,-1.7974,-1.3535,1.7,2.82,-0.4198,0,0,0,0.175,0.081,0.919,0,0,0.0,3,SEARCH_PHASE,-1.7525,-1.3056,20.8393,15.6924
151,13.331,16.6676,4.9302,30.1135,-1.7496,-1.3069,1.6891,10.805,26.043,39.662,-4.1366,-10.7361,0.2,0.0,0.0,0.0,-1.7974,-1.3535,1.7,2.82,-0.3822,0,0,0,0.163,0.075,0.925,0,0,0.0,3,SEARCH_PHASE,-1.7496,-1.3069,20.8043,15.6662
152,13.441,16.6327,4.904,30.1472,-1.7469,-1.3101,1.6891,10.851,26.0,39.659,-4.1366,-10.7361,0.2,0.0,0.0,0.0,-1.7974,-1.3535,1.7,2.82,-0.4187,0,0,0,0.167,0.077,0.923,0,0,0.0,3,SEARCH_PHASE,-1.7469,-1.3101,20.7693,15.64
153,13.547,16.5978,4.8777,30.181,-1.7442,-1.3122,1.6892,10.897,25.956,39.656,-4.1366,-10.7361,0.2,0.0,0.0,0.0,-1.7974,-1.3535,1.7,2.82,-0.3746,0,0,0,0.153,0.064,0.936,0,0,0.0,3,SEARCH_PHASE,-1.7442,-1.3122,20.7344,15.6138
154,13.654,16.563,4.8514,30.2148,-1.743,-1.3163,1.6892,10.943,25.912,39.653,-4.1366,-10.7361,0.2,0.0,0.0,0.0,-1.7974,-1.3535,1.7,2.82,-0.4105,0,0,0,0.155,0.066,0.934,0,0,0.0,3,SEARCH_PHASE,-1.743,-1.3163,20.6996,15.5875
155,13.763,16.5281,4.825,30.2486,-1.7416,-1.3188,1.6892,10.988,25.869,39.65,-4.1366,-10.7361,0.2,0.0,0.0,0.0,-1.7974,-1.3535,1.7,2.82,-0.3667,0,0,0,0.142,0.067,0.933,0,0,0.0,3,SEARCH_PHASE,-1.7416,-1.3188,20.6647,15.5611
156,13.873,16.4933,4.7986,30.2824,-1.7415,-1.3228,1.6891,11.034,25.825,39.647,-4.1366,-10.7361,0.2,0.0,0.0,0.0,-1.7974,-1.3535,1.7,2.82,-0.4021,0,0,0,0.14,0.065,0.935,0,0,0.0,3,SEARCH_PHASE,-1.7415,-1.3228,20.6299,15.5346
157,13.983,16.4585,4.7721,30.3161,-1.741,-1.3249,1.6885,11.08,25.781,39.644,-4.1366,-10.7361,0.2,0.0,0.0,0.0,-1.7974,-1.3535,1.7,2.82,-0.3647,0,0,0,0.131,0.068,0.932,0,0,0.0,3,SEARCH_PHASE,-1.741,-1.3249,20.5951,15.5081
158,14.09,16.4236,4.7455,30.3499,-1.7418,-1.3282,1.6887,11.126,25.737,39.641,-4.1366,-10.7361,0.2,0.0,0.0,0.0,-1.7974,-1.3534,1.7,2.82,-0.4045,0,0,0,0.127,0.053,0.947,0,0,0.0,3,SEARCH_PHASE,-1.7418,-1.3282,20.5603,15.4816
159,14.196,16.3888,4.7189,30.3837,-1.7421,-1.3293,1.6889,11.172,25.693,39.638,-4.1366,-10.7361,0.2,0.0,0.0,0.0,-1.7974,-1.3534,1.7,2.82,-0.3653,0,0,0,0.113,0.054,0.946,0,0,0.0,3,SEARCH_PHASE,-1.7421,-1.3293,20.5254,15.455
160,14.302,16.3539,4.6923,30.4175,-1.7436,-1.3313,1.6889,11.218,25.649,39.636,-4.1366,-10.7361,0.2,0.0,0.0,0.0,-1.7975,-1.3534,1.7,2.82,-0.4051,0,0,0,0.111,0.051,0.949,0,0,0.0,3,SEARCH_PHASE,-1.7436,-1.3313,20.4905,15.4284
161,14.409,16.319,4.6657,30.4513,-1.7446,-1.3309,1.6889,11.253,25.606,39.633,-4.1366,-10.7361,0.2,0.0,0.0,0.0,-1.7975,-1.3534,1.7,2.82,-0.3864,0,0,0,0.103,0.044,0.956,0,0,0.0,3,SEARCH_PHASE,-1.7446,-1.3309,20.4557,15.4017
162,14.519,16.2841,4.639,30.485,-1.7465,-1.3309,1.6886,11.277,25.562,39.631,-4.1366,-10.7361,0.2,0.0,0.0,0.0,-1.7975,-1.3534,1.7,2.82,-0.4261,0,0,0,0.109,0.05,0.95,0,0,0.0,3,SEARCH_PHASE,-1.7465,-1.3309,20.4207,15.3751
163,14.628,16.2492,4.6125,30.5188,-1.7474,-1.3298,1.6888,11.301,25.518,39.628,-4.1366,-10.7361,0.2,0.0,0.0,0.0,-1.7975,-1.3533,1.7,2.82,-0.385,0,0,0,0.099,0.042,0.958,0,0,0.0,3,SEARCH_PHASE,-1.7474,-1.3298,20.3858,15.3485
164,14.737,16.2142,4.5858,30.5526,-1.7486,-1.3306,1.6889,11.325,25.474,39.626,-4.1366,-10.7361,0.2,0.0,0.0,0.0,-1.7975,-1.3533,1.7,2.82,-0.4239,0,0,0,0.105,0.047,0.953,0,0,0.0,3,SEARCH_PHASE,-1.7486,-1.3306,20.3508,15.3219
165,14.846,16.1792,4.5592,30.5864,-1.7487,-1.3298,1.689,11.35,25.43,39.623,-4.1366,-10.7361,0.2,0.0,0.0,0.0,-1.7975,-1.3533,1.7,2.82,-0.3827,0,0,0,0.09,0.033,0.967,0,0,0.0,3,SEARCH_PHASE,-1.7487,-1.3298,20.3158,15.2953
166,14.951,16.1442,4.5326,30.6201,-1.749,-1.3306,1.689,11.374,25.386,39.621,-4.1366,-10.7361,0.2,0.0,0.0,0.0,-1.7975,-1.3533,1.7,2.82,-0.4218,0,0,0,0.097,0.039,0.961,0,0,0.0,3,SEARCH_PHASE,-1.749,-1.3306,20.2808,15.2687
167,15.06,16.1093,4.506,30.6539,-1.748,-1.3294,1.689,11.398,25.342,39.619,-4.1366,-10.7361,0.2,0.0,0.0,0.0,-1.7975,-1.3533,1.7,2.82,-0.3867,0,0,0,0.075,0.035,0.965,0,0,0.0,3,SEARCH_PHASE,-1.748,-1.3294,20.2459,15.2421
168,15.166,16.0743,4.4795,30.6877,-1.7473,-1.3294,1.6888,11.423,25.298,39.617,-4.1366,-10.7361,0.2,0.0,0.0,0.0,-1.7975,-1.3533,1.7,2.82,-0.4256,0,0,0,0.078,0.049,0.951,0,0,0.0,3,SEARCH_PHASE,-1.7473,-1.3294,20.2109,15.2155
169,15.275,16.0394,4.4529,30.7215,-1.7465,-1.3276,1.689,11.448,25.254,39.615,-4.1366,-10.7361,0.2,0.0,0.0,0.0,-1.7976,-1.3532,1.7,2.82,-0.3824,0,0,0,0.052,0.036,0.964,0,0,0.0,3,SEARCH_PHASE,-1.7465,-1.3276,20.176,15.189
170,15.381,16.0044,4.4264,30.7553,-1.7471,-1.3271,1.689,11.474,25.21,39.613,-4.1366,-10.7361,0.2,0.0,0.0,0.0,-1.7976,-1.3532,1.7,2.82,-0.4203,0,0,0,0.052,0.034,0.966,0,0,0.0,3,SEARCH_PHASE,-1.7471,-1.3271,20.1411,15.1624
171,15.489,15.9695,4.3999,30.789,-1.7476,-1.3245,1.689,11.499,25.167,39.611,-4.1366,-10.7361,0.2,0.0,0.0,0.0,-1.7976,-1.3532,1.7,2.82,-0.3974,0,0,0,0.04,0.024,0.976,0,0,0.0,3,SEARCH_PHASE,-1.7476,-1.3245,20.1061,15.136
172,15.595,15.9345,4.3734,30.8228,-1.7493,-1.3229,1.6884,11.525,25.123,39.609,-4.1366,-10.7361,0.2,0.0,0.0,0.0,-1.7976,-1.3532,1.7,2.82,-0.4342,0,0,0,0.047,0.032,0.968,0,0,0.0,3,SEARCH_PHASE,-1.7493,-1.3229,20.0711,15.1095
173,15.702,15.8995,4.347,30.8566,-1.7503,-1.3203,1.6887,11.55,25.079,39.608,-4.1366,-10.7361,0.2,0.0,0.0,0.0,-1.7976,-1.3532,1.7,2.82,-0.388,0,0,0,0.039,0.028,0.972,0,0,0.0,3,SEARCH_PHASE,-1.7503,-1.3203,20.0361,15.0831
174,15.808,15.8645,4.3206,30.8904,-1.7519,-1.3202,1.6889,11.576,25.035,39.606,-4.1366,-10.7361,0.2,0.0,0.0,0.0,-1.7976,-1.3532,1.7,2.82,-0.4219,0,0,0,0.043,0.02,0.98,0,0,0.0,3,SEARCH_PHASE,-1.7519,-1.3202,20.0011,15.0567
175,15.915,15.8294,4.2942,30.9241,-1.7527,-1.3189,1.689,11.601,24.991,39.605,-4.1366,-10.7361,0.2,0.0,0.0,0.0,-1.7976,-1.3532,1.7,2.82,-0.376,0,0,0,0.02,0.008,0.992,0,0,0.0,3,SEARCH_PHASE,-1.7527,-1.3189,19.966,15.0303
176,16.024,15.7943,4.2678,30.9579,-1.7541,-1.3195,1.689,11.619,24.947,39.603,-4.1366,-10.7361,0.2,0.0,0.0,0.0,-1.7976,-1.3532,1.7,2.82,-0.4093,0,0,0,0.023,0.01,0.99,0,0,0.0,3,SEARCH_PHASE,-1.7541,-1.3195,19.931,15.0039
177,16.134,15.7592,4.2415,30.9917,-1.7544,-1.3186,1.6884,11.625,24.903,39.602,-4.1366,-10.7361,0.2,0.0,0.0,0.0,-1.7976,-1.3532,1.7,2.82,-0.3703,0,0,0,0.002,0.001,0.999,0,0,0.0,3,SEARCH_PHASE,-1.7544,-1.3186,19.8959,14.9775
178,16.24,15.7241,4.2151,31.0255,-1.7553,-1.3192,1.6886,11.631,24.859,39.6,-4.1366,-10.7361,0.2,0.0,0.0,0.0,-1.7976,-1.3532,1.7,2.82,-0.4086,0,0,0,0.013,0.009,0.991,0,0,0.0,3,SEARCH_PHASE,-1.7553,-1.3192,19.8608,14.9512
179,16.349,15.689,4.1887,31.0592,-1.7551,-1.3181,1.6889,11.637,24.815,39.599,-4.1366,-10.7361,0.2,0.0,0.0,0.0,-1.7976,-1.3532,1.7,2.82,-0.3678,0,0,0,0.0,0.0,1.0,0,0,0.0,3,SEARCH_PHASE,-1.7551,-1.3181,19.8257,14.9248
180,16.457,15.6539,4.1624,31.093,-1.7554,-1.3183,1.6889,11.643,24.772,39.598,-4.1366,-10.7361,0.2,0.0,0.0,0.0,-1.7976,-1.3532,1.7,2.82,-0.4061,0,0,0,0.0,0.0,1.0,0,0,0.0,3,SEARCH_PHASE,-1.7554,-1.3183,19.7906,14.8984
181,16.563,15.6188,4.136,31.1268,-1.7544,-1.3164,1.6889,11.649,24.728,39.597,-4.1366,-10.7361,0.2,0.0,0.0,0.0,-1.7976,-1.3532,1.7,2.82,-0.3784,0,0,0,0.0,0.0,1.0,0,0,0.0,3,SEARCH_PHASE,-1.7544,-1.3164,19.7555,14.8721
182,16.669,15.5838,4.1097,31.1606,-1.7538,-1.3155,1.689,11.655,24.684,39.596,-4.1366,-10.7361,0.2,0.0,0.0,0.0,-1.7976,-1.3532,1.7,2.82,-0.417,0,0,0,0.0,0.0,1.0,0,0,0.0,3,SEARCH_PHASE,-1.7538,-1.3155,19.7204,14.8458
183,16.775,15.5487,4.0835,31.1944,-1.7528,-1.3131,1.6891,11.661,24.64,39.595,-4.1366,-10.7361,0.2,0.0,0.0,0.0,-1.7976,-1.3532,1.7,2.82,-0.3755,0,0,0,0.0,0.0,1.0,0,0,0.0,3,SEARCH_PHASE,-1.7528,-1.3131,19.6853,14.8195
184,16.881,15.5137,4.0572,31.2281,-1.7531,-1.3125,1.6891,11.667,24.596,39.594,-4.1366,-10.7361,0.2,0.0,0.0,0.0,-1.7976,-1.3533,1.7,2.82,-0.4139,0,0,0,0.0,0.0,1.0,0,0,0.0,3,SEARCH_PHASE,-1.7531,-1.3125,19.6503,14.7933
185,16.988,15.4786,4.031,31.2619,-1.7529,-1.31,1.6891,11.673,24.552,39.594,-4.1366,-10.7361,0.2,0.0,0.0,0.0,-1.7975,-1.3533,1.7,2.82,-0.3856,0,0,0,0.0,0.0,1.0,0,0,0.0,3,SEARCH_PHASE,-1.7529,-1.31,19.6152,14.7671
186,17.093,15.4435,4.0048,31.2957,-1.7537,-1.3088,1.6891,11.68,24.509,39.593,-4.1366,-10.7361,0.2,0.0,0.0,0.0,-1.7975,-1.3533,1.7,2.82,-0.4239,0,0,0,0.0,0.0,1.0,0,0,0.0,3,SEARCH_PHASE,-1.7537,-1.3088,19.5801,14.7409
187,17.199,15.4084,3.9787,31.3295,-1.7537,-1.3065,1.6892,11.686,24.465,39.593,-4.1366,-10.7361,0.2,0.0,0.0,0.0,-1.7975,-1.3533,1.7,2.82,-0.3821,0,0,0,0.0,0.0,1.0,0,0,0.0,3,SEARCH_PHASE,-1.7537,-1.3065,19.5451,14.7148
188,17.305,15.3734,3.9526,31.3633,-1.7543,-1.3062,1.6892,11.692,24.421,39.592,-4.1366,-10.7361,0.2,0.0,0.0,0.0,-1.7975,-1.3533,1.7,2.82,-0.4203,0,0,0,0.0,0.0,1.0,0,0,0.0,3,SEARCH_PHASE,-1.7543,-1.3062,19.51,14.6887
189,17.411,15.3383,3.9265,31.3971,-1.7538,-1.3044,1.6893,11.698,24.378,39.592,-4.1366,-10.7361,0.2,0.0,0.0,0.0,-1.7975,-1.3533,1.7,2.82,-0.3783,0,0,0,0.0,0.0,1.0,0,0,0.0,3,SEARCH_PHASE,-1.7538,-1.3044,19.4749,14.6626
190,17.517,15.3032,3.9004,31.4308,-1.7539,-1.3041,1.6892,11.704,24.334,39.592,-4.1366,-10.7361,0.2,0.0,0.0,0.0,-1.7975,-1.3533,1.7,2.82,-0.4165,0,0,0,0.0,0.0,1.0,0,0,0.0,3,SEARCH_PHASE,-1.7539,-1.3041,19.4398,14.6365
191,17.623,15.2682,3.8744,31.4646,-1.7527,-1.3019,1.6891,11.71,24.29,39.592,-4.1366,-10.7361,0.2,0.0,0.0,0.0,-1.7975,-1.3534,1.7,2.82,-0.3926,0,0,0,0.0,0.0,1.0,0,0,0.0,3,SEARCH_PHASE,-1.7527,-1.3019,19.4048,14.6104
192,17.729,15.2331,3.8484,31.4984,-1.752,-1.3008,1.6892,11.717,24.246,39.591,-4.1366,-10.7361,0.2,0.0,0.0,0.0,-1.7975,-1.3534,1.7,2.82,-0.431,0,0,0,0.0,0.0,1.0,0,0,0.0,3,SEARCH_PHASE,-1.752,-1.3008,19.3697,14.5844
193,17.835,15.1981,3.8224,31.5322,-1.7511,-1.299,1.6893,11.723,24.203,39.591,-4.1366,-10.7361,0.2,0.0,0.0,0.0,-1.7974,-1.3534,1.7,2.82,-0.3885,0,0,0,0.0,0.0,1.0,0,0,0.0,3,SEARCH_PHASE,-1.7511,-1.299,19.3347,14.5585
194,17.941,15.1631,3.7964,31.566,-1.7515,-1.2995,1.6893,11.729,24.159,39.592,-4.1366,-10.7361,0.2,0.0,0.0,0.0,-1.7974,-1.3534,1.7,2.82,-0.4266,0,0,0,0.0,0.0,1.0,0,0,0.0,3,SEARCH_PHASE,-1.7515,-1.2995,19.2997,14.5325
195,18.048,15.128,3.7704,31.5998,-1.7516,-1.2987,1.6894,11.735,24.116,39.592,-4.1366,-10.7361,0.2,0.0,0.0,0.0,-1.7974,-1.3535,1.7,2.82,-0.3841,0,0,0,0.0,0.0,1.0,0,0,0.0,3,SEARCH_PHASE,-1.7516,-1.2987,19.2647,14.5065
196,18.155,15.093,3.7444,31.6336,-1.7528,-1.2998,1.6893,11.742,24.072,39.592,-4.1366,-10.7361,0.2,0.0,0.0,0.0,-1.7974,-1.3535,1.7,2.82,-0.4219,0,0,0,0.0,0.0,1.0,0,0,0.0,3,SEARCH_PHASE,-1.7528,-1.2998,19.2296,14.4805
197,18.261,15.0579,3.7184,31.6673,-1.7536,-1.2993,1.6893,11.748,24.028,39.592,-4.1366,-10.7361,0.2,0.0,0.0,0.0,-1.7974,-1.3535,1.7,2.82,-0.3851,0,0,0,0.0,0.0,1.0,0,0,0.0,3,SEARCH_PHASE,-1.7536,-1.2993,19.1945,14.4545
198,18.368,15.0228,3.6924,31.7011,-1.7555,-1.3003,1.6892,11.754,23.985,39.593,-4.1366,-10.7361,0.2,0.0,0.0,0.0,-1.7973,-1.3535,1.7,2.82,-0.4226,0,0,0,0.0,0.0,1.0,0,0,0.0,3,SEARCH_PHASE,-1.7555,-1.3003,19.1594,14.4285
199,18.474,14.9877,3.6664,31.7349,-1.7566,-1.2997,1.6893,11.76,23.941,39.593,-4.1366,-10.7361,0.2,0.0,0.0,0.0,-1.7973,-1.3536,1.7,2.82,-0.3801,0,0,0,0.0,0.0,1.0,0,0,0.0,3,SEARCH_PHASE,-1.7566,-1.2997,19.1243,14.4025
200,18.579,14.9525,3.6404,31.7687,-1.7586,-1.3006,1.6892,11.766,23.897,39.594,-4.1366,-10.7361,0.2,0.0,0.0,0.0,-1.7973,-1.3536,1.7,2.82,-0.4175,0,0,0,0.0,0.0,1.0,0,0,0.0,3,SEARCH_PHASE,-1.7586,-1.3006,19.0891,14.3765
201,18.684,14.9173,3.6144,31.8025,-1.7597,-1.2996,1.6891,11.772,23.853,39.594,-4.1366,-10.7361,0.2,0.0,0.0,0.0,-1.7973,-1.3536,1.7,2.82,-0.3956,0,0,0,0.0,0.0,1.0,0,0,0.0,3,SEARCH_PHASE,-1.7597,-1.2996,19.0539,14.3505
202,18.791,14.8821,3.5884,31.8363,-1.7615,-1.2996,1.6891,11.779,23.81,39.595,-4.1366,-10.7361,0.2,0.0,0.0,0.0,-1.7973,-1.3537,1.7,2.82,-0.433,0,0,0,0.0,0.0,1.0,0,0,0.0,3,SEARCH_PHASE,-1.7615,-1.2996,19.0187,14.3245
203,18.896,14.8468,3.5624,31.87,-1.7618,-1.2991,1.6892,11.785,23.766,39.596,-4.1366,-10.7361,0.2,0.0,0.0,0.0,-1.7972,-1.3537,1.7,2.82,-0.3901,0,0,0,0.0,0.0,1.0,0,0,0.0,3,SEARCH_PHASE,-1.7618,-1.2991,18.9835,14.2985
204,19.007,14.8116,3.5364,31.9038,-1.7621,-1.301,1.6892,11.791,23.722,39.596,-4.1366,-10.7361,0.2,0.0,0.0,0.0,-1.7972,-1.3537,1.652,2.7913,-0.4275,0,0,0,0.0,0.0,1.0,0,0,0.0,3,SEARCH_PHASE,-1.7621,-1.301,18.9482,14.2725
205,19.123,14.7764,3.5104,31.9372,-1.7605,-1.3014,1.6714,11.797,23.678,39.597,-4.1366,-10.7361,0.2,0.0,0.0,0.0,-1.7972,-1.3538,1.604,2.7632,-0.3926,0,0,0,0.0,0.0,1.0,0,0,0.0,3,SEARCH_PHASE,-1.7605,-1.3014,18.913,14.2465
206,19.229,14.7412,3.4843,31.9701,-1.7586,-1.3033,1.6425,11.802,23.635,39.597,-4.1366,-10.7361,0.2,0.0,0.0,0.0,-1.7972,-1.3538,1.556,2.7356,-0.4272,0,0,0,0.0,0.0,1.0,0,0,0.0,3,SEARCH_PHASE,-1.7586,-1.3033,18.8778,14.2204
207,19.335,14.7061,3.4582,32.0022,-1.7562,-1.3043,1.6068,11.806,23.591,39.597,-4.1366,-10.7361,0.2,0.0,0.0,0.0,-1.7971,-1.3538,1.508,2.7086,-0.3877,0,0,0,0.0,0.0,1.0,0,0,0.0,3,SEARCH_PHASE,-1.7562,-1.3043,18.8427,14.1943
208,19.443,14.671,3.4321,32.0336,-1.7546,-1.3069,1.5665,11.81,23.547,39.596,-4.1366,-10.7361,0.2,0.0,0.0,0.0,-1.7971,-1.3538,1.46,2.6822,-0.4208,0,0,0,0.0,0.0,1.0,0,0,0.0,3,SEARCH_PHASE,-1.7546,-1.3069,18.8076,14.1682
209,19.548,14.6359,3.4059,32.064,-1.7526,-1.3085,1.5236,11.813,23.503,39.594,-4.1366,-10.7361,0.2,0.0,0.0,0.0,-1.7971,-1.3538,1.412,2.6564,-0.3821,0,0,0,0.0,0.0,1.0,0,0,0.0,3,SEARCH_PHASE,-1.7526,-1.3085,18.7726,14.142
210,19.654,14.6009,3.3797,32.0936,-1.7512,-1.3112,1.4789,11.815,23.46,39.592,-4.1366,-10.7361,0.2,0.0,0.0,0.0,-1.7971,-1.3538,1.364,2.6312,-0.4144,0,0,0,0.0,0.0,1.0,0,0,0.0,3,SEARCH_PHASE,-1.7512,-1.3112,18.7375,14.1158
211,19.76,14.5659,3.3535,32.1223,-1.7493,-1.3128,1.4331,11.816,23.416,39.59,-4.1366,-10.7361,0.2,0.0,0.0,0.0,-1.7971,-1.3538,1.316,2.6066,-0.3783,0,0,0,0.0,0.0,1.0,0,0,0.0,3,SEARCH_PHASE,-1.7493,-1.3128,18.7025,14.0895
212,19.866,14.531,3.3272,32.15,-1.7479,-1.3153,1.3867,11.816,23.372,39.586,-4.1366,-10.7361,0.2,0.0,0.0,0.0,-1.7971,-1.3539,1.268,2.5827,-0.4101,0,0,0,0.0,0.0,1.0,0,0,0.0,3,SEARCH_PHASE,-1.7479,-1.3153,18.6676,14.0632
213,19.974,14.496,3.3008,32.1768,-1.7464,-1.3165,1.3399,11.815,23.328,39.582,-4.1366,-10.7361,0.2,0.0,0.0,0.0,-1.7971,-1.3538,1.22,2.5595,-0.3719,0,0,0,0.0,0.0,1.0,0,0,0.0,3,SEARCH_PHASE,-1.7464,-1.3165,18.6327,14.0369
214,20.079,14.4611,3.2745,32.2027,-1.7456,-1.3185,1.2928,11.813,23.285,39.577,-4.1366,-10.7361,0.2,0.0,0.0,0.0,-1.7971,-1.3538,1.172,2.5369,-0.4033,0,0,0,0.0,0.0,1.0,0,0,0.0,3,SEARCH_PHASE,-1.7456,-1.3185,18.5978,14.0105
215,20.189,14.4262,3.2481,32.2276,-1.7444,-1.3188,1.2453,11.811,23.241,39.571,-4.1366,-10.7361,0.2,0.0,0.0,0.0,-1.7971,-1.3538,1.124,2.5151,-0.3847,0,0,0,0.0,0.0,1.0,0,0,0.0,3,SEARCH_PHASE,-1.7444,-1.3188,18.5629,13.9842
216,20.298,14.3914,3.2217,32.2515,-1.7439,-1.3196,1.198,11.807,23.197,39.565,-4.1366,-10.7361,0.2,0.0,0.0,0.0,-1.7971,-1.3538,1.076,2.494,-0.4159,0,0,0,0.0,0.0,1.0,0,0,0.0,3,SEARCH_PHASE,-1.7439,-1.3196,18.528,13.9578
217,20.407,14.3565,3.1953,32.2745,-1.7434,-1.3197,1.1507,11.802,23.153,39.558,-4.1366,-10.7361,0.2,0.0,0.0,0.0,-1.7971,-1.3538,1.028,2.4737,-0.378,0,0,0,0.0,0.0,1.0,0,0,0.0,3,SEARCH_PHASE,-1.7434,-1.3197,18.4931,13.9314
218,20.516,14.3216,3.1689,32.2966,-1.7438,-1.3212,1.1032,11.797,23.11,39.551,-4.1366,-10.7361,0.2,0.0,0.0,0.0,-1.7971,-1.3538,0.98,2.4542,-0.4087,0,0,0,0.0,0.0,1.0,0,0,0.0,3,SEARCH_PHASE,-1.7438,-1.3212,18.4582,13.9049
219,20.626,14.2867,3.1424,32.3177,-1.7441,-1.3218,1.0557,11.79,23.066,39.542,-4.1366,-10.7361,0.2,0.0,0.0,0.0,-1.7971,-1.3538,0.932,2.4354,-0.371,0,0,0,0.0,0.0,1.0,0,0,0.0,3,SEARCH_PHASE,-1.7441,-1.3218,18.4234,13.8785
220,20.736,14.2518,3.116,32.3379,-1.7452,-1.3234,1.0081,11.783,23.022,39.533,-4.1366,-10.7361,0.2,0.0,0.0,0.0,-1.7971,-1.3538,0.884,2.4174,-0.4012,0,0,0,0.0,0.0,1.0,0,0,0.0,3,SEARCH_PHASE,-1.7452,-1.3234,18.3885,13.852
221,20.845,14.2169,3.0895,32.3571,-1.746,-1.3237,0.9598,11.774,22.978,39.523,-4.1366,-10.7361,0.2,0.0,0.0,0.0,-1.7972,-1.3538,0.836,2.4003,-0.3683,0,0,0,0.0,0.0,1.0,0,0,0.0,3,SEARCH_PHASE,-1.746,-1.3237,18.3535,13.8256
222,20.954,14.182,3.063,32.3753,-1.7475,-1.3248,0.9124,11.765,22.934,39.512,-4.1366,-10.7361,0.2,0.0,0.0,0.0,-1.7972,-1.3538,0.788,2.384,-0.4019,0,0,0,0.0,0.0,1.0,0,0,0.0,3,SEARCH_PHASE,-1.7475,-1.3248,18.3186,13.7991
223,21.062,14.147,3.0365,32.3926,-1.7487,-1.3245,0.8649,11.754,22.89,39.501,-4.1366,-10.7361,0.2,0.0,0.0,0.0,-1.7972,-1.3538,0.74,2.3686,-0.3831,0,0,0,0.0,0.0,1.0,0,0,0.0,3,SEARCH_PHASE,-1.7487,-1.3245,18.2836,13.7726
224,21.168,14.112,3.01,32.409,-1.7505,-1.3248,0.8174,11.751,22.847,39.489,-4.1366,-10.7361,0.2,0.0,0.0,0.0,-1.7972,-1.3538,0.692,2.354,-0.4167,0,0,0,0.0,0.0,1.0,0,0,0.0,3,SEARCH_PHASE,-1.7505,-1.3248,18.2486,13.7461
225,21.274,14.0769,2.9835,32.4244,-1.7517,-1.3243,0.7699,11.751,22.803,39.476,-4.1366,-10.7361,0.2,0.0,0.0,0.0,-1.7972,-1.3537,0.644,2.3403,-0.3823,0,0,0,0.0,0.0,1.0,0,0,0.0,3,SEARCH_PHASE,-1.7517,-1.3243,18.2136,13.7196
226,21.379,14.0419,2.957,32.4388,-1.7531,-1.325,0.7223,11.749,22.759,39.463,-4.1366,-10.7361,0.2,0.0,0.0,0.0,-1.7972,-1.3537,0.596,2.3276,-0.416,0,0,0,0.0,0.0,1.0,0,0,0.0,3,SEARCH_PHASE,-1.7531,-1.325,18.1785,13.6931
227,21.484,14.0068,2.9305,32.4523,-1.7537,-1.3248,0.6746,11.747,22.715,39.448,-4.1366,-10.7361,0.2,0.0,0.0,0.0,-1.7972,-1.3537,0.548,2.3158,-0.3849,0,0,0,0.0,0.0,1.0,0,0,0.0,3,SEARCH_PHASE,-1.7537,-1.3248,18.1434,13.6666
228,21.589,13.9717,2.904,32.4648,-1.7545,-1.3254,0.6269,11.744,22.671,39.433,-4.1366,-10.7361,0.2,0.0,0.0,0.0,-1.7972,-1.3537,0.5,2.3049,-0.4188,0,0,0,0.0,0.0,1.0,0,0,0.0,3,SEARCH_PHASE,-1.7545,-1.3254,18.1083,13.6401
229,21.695,13.9366,2.8775,32.4764,-1.7549,-1.3249,0.5794,11.739,22.627,39.418,-4.1366,-10.7361,0.2,0.0,0.0,0.0,-1.7972,-1.3537,0.452,2.295,-0.3833,0,0,0,0.0,0.0,1.0,0,0,0.0,3,SEARCH_PHASE,-1.7549,-1.3249,18.0732,13.6136
230,21.8,13.9015,2.851,32.4871,-1.756,-1.3253,0.5317,11.734,22.583,39.401,-4.1366,-10.7361,0.2,0.0,0.0,0.0,-1.7972,-1.3537,0.404,2.286,-0.4169,0,0,0,0.0,0.0,1.0,0,0,0.0,3,SEARCH_PHASE,-1.756,-1.3253,18.0381,13.5871
231,21.905,13.8664,2.8245,32.4967,-1.7566,-1.3243,0.484,11.728,22.539,39.384,-4.1366,-10.7361,0.2,0.0,0.0,0.0,-1.7972,-1.3537,0.356,2.278,-0.3993,0,0,0,0.0,0.0,1.0,0,0,0.0,3,SEARCH_PHASE,-1.7566,-1.3243,18.003,13.5606
232,22.01,13.8312,2.798,32.5055,-1.7577,-1.3238,0.4364,11.721,22.495,39.366,-4.1366,-10.7361,0.2,0.0,0.0,0.0,-1.7972,-1.3537,0.308,2.271,-0.4293,0,0,0,0.0,0.0,1.0,0,0,0.0,3,SEARCH_PHASE,-1.7577,-1.3238,17.9678,13.5341
233,22.115,13.7961,2.7716,32.5132,-1.758,-1.3228,0.3882,11.713,22.451,39.347,-4.1366,-10.7361,0.2,0.0,0.0,0.0,-1.7972,-1.3537,0.26,2.265,-0.3929,0,0,0,0.0,0.0,1.0,0,0,0.0,3,SEARCH_PHASE,-1.758,-1.3228,17.9327,13.5077
234,22.222,13.7609,2.7451,32.5201,-1.7585,-1.3233,0.3407,11.704,22.407,39.327,-4.1366,-10.7361,0.2,0.0,0.0,0.0,-1.7972,-1.3537,0.212,2.26,-0.4127,0,0,0,0.0,0.0,1.0,0,0,0.0,3,SEARCH_PHASE,-1.7585,-1.3233,17.8975,13.4812
235,22.332,13.7257,2.7187,32.5259,-1.7582,-1.3233,0.2932,11.694,22.363,39.307,-4.1366,-10.7361,0.2,0.0,0.0,0.0,-1.7972,-1.3537,0.164,2.256,-0.3744,0,0,0,0.0,0.0,1.0,0,0,0.0,3,SEARCH_PHASE,-1.7582,-1.3233,17.8623,13.4547
236,22.442,13.6906,2.6922,32.5308,-1.7585,-1.3241,0.2457,11.683,22.319,39.286,-4.1366,-10.7361,0.2,0.0,0.0,0.0,-1.7972,-1.3537,0.116,2.253,-0.4047,0,0,0,0.0,0.0,1.0,0,0,0.0,3,SEARCH_PHASE,-1.7585,-1.3241,17.8272,13.4283
237,22.553,13.6554,2.6657,32.5348,-1.7581,-1.3233,0.1979,11.671,22.275,39.265,-4.1366,-10.7361,0.2,0.0,0.0,0.0,-1.7972,-1.3537,0.068,2.251,-0.3874,0,0,0,0.0,0.0,1.0,0,0,0.0,3,SEARCH_PHASE,-1.7581,-1.3233,17.792,13.4018
238,22.662,13.6202,2.6393,32.5378,-1.7582,-1.323,0.1503,11.658,22.231,39.242,-4.1366,-10.7361,0.2,0.0,0.0,0.0,-1.7972,-1.3537,0.02,2.2501,-0.416,0,0,0,0.0,0.0,1.0,0,0,0.0,3,SEARCH_PHASE,-1.7582,-1.323,17.7569,13.3753
239,22.773,13.5851,2.6128,32.5399,-1.7578,-1.3223,0.1028,11.644,22.187,39.219,-4.1366,-10.7361,0.2,0.0,0.0,0.0,-1.7972,-1.3537,-0.028,2.2502,-0.378,0,0,0,0.0,0.0,1.0,0,0,0.0,3,SEARCH_PHASE,-1.7578,-1.3223,17.7217,13.3489
240,22.887,13.5499,2.5864,32.541,-1.7581,-1.3228,0.0552,11.63,22.143,39.195,-4.1366,-10.7361,0.2,0.0,0.0,0.0,-1.7972,-1.3537,-0.076,2.2513,-0.4077,0,0,0,0.0,0.0,1.0,0,0,0.0,3,SEARCH_PHASE,-1.7581,-1.3228,17.6865,13.3224
241,23.0,13.5148,2.5599,32.5411,-1.7579,-1.3225,0.0073,11.614,22.099,39.17,-4.1366,-10.7361,0.2,0.0,0.0,0.0,-1.7972,-1.3537,-0.124,2.2534,-0.3712,0,0,0,0.0,0.0,1.0,0,0,0.0,3,SEARCH_PHASE,-1.7579,-1.3225,17.6514,13.296
242,23.112,13.4796,2.5334,32.5403,-1.7583,-1.3233,-0.0403,11.597,22.055,39.145,-4.1366,-10.7361,0.2,0.0,0.0,0.0,-1.7972,-1.3537,-0.172,2.2566,-0.4018,0,0,0,0.0,0.0,1.0,0,0,0.0,3,SEARCH_PHASE,-1.7583,-1.3233,17.6162,13.2695
243,23.224,13.4444,2.507,32.5385,-1.758,-1.3229,-0.0884,11.58,22.011,39.118,-4.1366,-10.7361,0.2,0.0,0.0,0.0,-1.7972,-1.3537,-0.22,2.2607,-0.3683,0,0,0,0.0,0.0,1.0,0,0,0.0,3,SEARCH_PHASE,-1.758,-1.3229,17.581,13.2431
244,23.334,13.4093,2.4805,32.5358,-1.7582,-1.3232,-0.1359,11.561,21.967,39.091,-4.1366,-10.7361,0.2,0.0,0.0,0.0,-1.7972,-1.3537,-0.268,2.2659,-0.4012,0,0,0,0.0,0.0,1.0,0,0,0.0,3,SEARCH_PHASE,-1.7582,-1.3232,17.5459,13.2166
245,23.446,13.3741,2.4541,32.5321,-1.7577,-1.3223,-0.1836,11.542,21.923,39.064,-4.1366,-10.7361,0.2,0.0,0.0,0.0,-1.7972,-1.3537,-0.316,2.2721,-0.3828,0,0,0,0.0,0.0,1.0,0,0,0.0,3,SEARCH_PHASE,-1.7577,-1.3223,17.5107,13.1902
246,23.559,13.339,2.4276,32.5275,-1.7577,-1.322,-0.231,11.521,21.879,39.035,-4.1366,-10.7361,0.2,0.0,0.0,0.0,-1.7972,-1.3538,-0.364,2.2793,-0.4157,0,0,0,0.0,0.0,1.0,0,0,0.0,3,SEARCH_PHASE,-1.7577,-1.322,17.4756,13.1637
247,23.669,13.3038,2.4012,32.5219,-1.7572,-1.321,-0.2785,11.5,21.835,39.006,-4.1366,-10.7361,0.2,0.0,0.0,0.0,-1.7972,-1.3538,-0.412,2.2874,-0.3808,0,0,0,0.0,0.0,1.0,0,0,0.0,3,SEARCH_PHASE,-1.7572,-1.321,17.4404,13.1373
248,23.78,13.2687,2.3748,32.5154,-1.7573,-1.3213,-0.3262,11.477,21.791,38.976,-4.1366,-10.7361,0.2,0.0,0.0,0.0,-1.7972,-1.3538,-0.46,2.2965,-0.4136,0,0,0,0.0,0.0,1.0,0,0,0.0,3,SEARCH_PHASE,-1.7573,-1.3213,17.4053,13.1109
249,23.893,13.2335,2.3484,32.5079,-1.7569,-1.3208,-0.3738,11.454,21.747,38.945,-4.1366,-10.7361,0.2,0.0,0.0,0.0,-1.7972,-1.3538,-0.508,2.3066,-0.3784,0,0,0,0.0,0.0,1.0,0,0,0.0,3,SEARCH_PHASE,-1.7569,-1.3208,17.3701,13.0844
250,24.0,13.1984,2.3219,32.4995,-1.7569,-1.3212,-0.4214,11.43,21.703,38.914,-4.1366,-10.7361,0.2,0.0,0.0,0.0,-1.7972,-1.3538,-0.556,2.3177,-0.4112,0,0,0,0.0,0.0,1.0,0,0,0.0,3,SEARCH_PHASE,-1.7569,-1.3212,17.335,13.058
251,24.111,13.1633,2.2955,32.4901,-1.7563,-1.3204,-0.4692,11.405,21.659,38.881,-4.1366,-10.7361,0.2,0.0,0.0,0.0,-1.7972,-1.3538,-0.604,2.3297,-0.3852,0,0,0,0.0,0.0,1.0,0,0,0.0,3,SEARCH_PHASE,-1.7563,-1.3204,17.2999,13.0316
252,24.218,13.1281,2.2691,32.4798,-1.7561,-1.3203,-0.5168,11.378,21.615,38.848,-4.1366,-10.7361,0.2,0.0,0.0,0.0,-1.7972,-1.3538,-0.652,2.3426,-0.418,0,0,0,0.0,0.0,1.0,0,0,0.0,3,SEARCH_PHASE,-1.7561,-1.3203,17.2648,13.0052
253,24.325,13.093,2.2427,32.4685,-1.7556,-1.3193,-0.5644,11.351,21.571,38.815,-4.1366,-10.7361,0.2,0.0,0.0,0.0,-1.7972,-1.3538,-0.7,2.3564,-0.3824,0,0,0,0.0,0.0,1.0,0,0,0.0,3,SEARCH_PHASE,-1.7556,-1.3193,17.2296,12.9788
254,24.431,13.0579,2.2164,32.4563,-1.7559,-1.3193,-0.612,11.323,21.527,38.78,-4.1366,-10.7361,0.2,0.0,0.0,0.0,-1.7972,-1.3538,-0.748,2.3711,-0.415,0,0,0,0.0,0.0,1.0,0,0,0.0,3,SEARCH_PHASE,-1.7559,-1.3193,17.1945,12.9524
255,24.538,13.0228,2.19,32.4431,-1.7557,-1.3181,-0.6598,11.294,21.483,38.745,-4.1366,-10.7361,0.2,0.0,0.0,0.0,-1.7972,-1.3538,-0.796,2.3867,-0.3957,0,0,0,0.0,0.0,1.0,0,0,0.0,3,SEARCH_PHASE,-1.7557,-1.3181,17.1594,12.9261
256,24.645,12.9877,2.1636,32.4289,-1.7561,-1.3175,-0.7081,11.264,21.439,38.708,-4.1366,-10.7361,0.2,0.0,0.0,0.0,-1.7971,-1.3538,-0.844,2.4031,-0.4277,0,0,0,0.0,0.0,1.0,0,0,0.0,3,SEARCH_PHASE,-1.7561,-1.3175,17.1243,12.8997
257,24.754,12.9526,2.1373,32.4138,-1.7559,-1.3165,-0.7554,11.233,21.395,38.672,-4.1366,-10.7361,0.2,0.0,0.0,0.0,-1.7971,-1.3538,-0.892,2.4204,-0.3886,0,0,0,0.0,0.0,1.0,0,0,0.0,3,SEARCH_PHASE,-1.7559,-1.3165,17.0892,12.8734
258,24.864,12.9174,2.111,32.3977,-1.7558,-1.317,-0.8029,11.201,21.352,38.634,-4.1366,-10.7361,0.2,0.0,0.0,0.0,-1.7971,-1.3538,-0.94,2.4385,-0.4175,0,0,0,0.0,0.0,1.0,0,0,0.0,3,SEARCH_PHASE,-1.7558,-1.317,17.0541,12.8471
259,24.974,12.8823,2.0846,32.3807,-1.755,-1.3168,-0.8505,11.169,21.308,38.596,-4.1366,-10.7361,0.2,0.0,0.0,0.0,-1.7971,-1.3538,-0.988,2.4574,-0.3834,0,0,0,0.0,0.0,1.0,0,0,0.0,3,SEARCH_PHASE,-1.755,-1.3168,17.019,12.8207
260,25.084,12.8473,2.0583,32.3628,-1.7543,-1.3178,-0.898,11.135,21.264,38.556,-4.1366,-10.7361,0.2,0.0,0.0,0.0,-1.7971,-1.3538,-1.036,2.4771,-0.4121,0,0,0,0.0,0.0,1.0,0,0,0.0,3,SEARCH_PHASE,-1.7543,-1.3178,16.9839,12.7944
261,25.194,12.8122,2.0319,32.3439,-1.7534,-1.3182,-0.946,11.1,21.22,38.516,-4.1366,-10.7361,0.2,0.0,0.0,0.0,-1.7971,-1.3538,-1.084,2.4975,-0.3752,0,0,0,0.0,0.0,1.0,0,0,0.0,3,SEARCH_PHASE,-1.7534,-1.3182,16.9488,12.768
262,25.304,12.7771,2.0055,32.324,-1.7534,-1.3198,-0.9934,11.064,21.176,38.476,-4.1366,-10.7361,0.2,0.0,0.0,0.0,-1.7971,-1.3538,-1.132,2.5187,-0.4048,0,0,0,0.0,0.0,1.0,0,0,0.0,3,SEARCH_PHASE,-1.7534,-1.3198,16.9137,12.7416
263,25.413,12.7421,1.9791,32.3032,-1.7531,-1.3205,-1.0416,11.028,21.132,38.434,-4.1366,-10.7361,0.2,0.0,0.0,0.0,-1.7971,-1.3538,-1.18,2.5406,-0.3718,0,0,0,0.0,0.0,1.0,0,0,0.0,3,SEARCH_PHASE,-1.7531,-1.3205,16.8787,12.7152
264,25.523,12.707,1.9527,32.2814,-1.7536,-1.3222,-1.0889,10.99,21.088,38.392,-4.1366,-10.7361,0.2,0.0,0.0,0.0,-1.7971,-1.3538,-1.228,2.5633,-0.4041,0,0,0,0.0,0.0,1.0,0,0,0.0,3,SEARCH_PHASE,-1.7536,-1.3222,16.8436,12.6888
265,25.633,12.6719,1.9262,32.2587,-1.7537,-1.3229,-1.1363,10.952,21.044,38.349,-4.1366,-10.7361,0.2,0.0,0.0,0.0,-1.7971,-1.3538,-1.276,2.5866,-0.3698,0,0,0,0.0,0.0,1.0,0,0,0.0,3,SEARCH_PHASE,-1.7537,-1.3229,16.8085,12.6623
266,25.744,12.6368,1.8997,32.235,-1.7544,-1.3243,-1.1838,10.912,21.0,38.305,-4.1366,-10.7361,0.2,0.0,0.0,0.0,-1.7971,-1.3538,-1.324,2.6106,-0.402,0,0,0,0.0,0.0,1.0,0,0,0.0,3,SEARCH_PHASE,-1.7544,-1.3243,16.7734,12.6358
267,25.855,12.6017,1.8732,32.2104,-1.7547,-1.3244,-1.2315,10.872,20.956,38.26,-4.1366,-10.7361,0.2,0.0,0.0,0.0,-1.7971,-1.3538,-1.372,2.6353,-0.3777,0,0,0,0.0,0.0,1.0,0,0,0.0,3,SEARCH_PHASE,-1.7547,-1.3244,16.7383,12.6093
268,25.967,12.5666,1.8467,32.1848,-1.7556,-1.325,-1.279,10.83,20.912,38.215,-4.1366,-10.7361,0.2,0.0,0.0,0.0,-1.7971,-1.3538,-1.42,2.6606,-0.4098,0,0,0,0.0,0.0,1.0,0,0,0.0,3,SEARCH_PHASE,-1.7556,-1.325,16.7032,12.5828
269,26.076,12.5315,1.8202,32.1582,-1.7557,-1.3246,-1.3265,10.788,20.868,38.168,-4.1366,-10.7361,0.2,0.0,0.0,0.0,-1.7971,-1.3538,-1.468,2.6865,-0.3753,0,0,0,0.0,0.0,1.0,0,0,0.0,3,SEARCH_PHASE,-1.7557,-1.3246,16.6681,12.5563
270,26.186,12.4964,1.7937,32.1308,-1.7561,-1.325,-1.3741,10.744,20.824,38.121,-4.1366,-10.7361,0.2,0.0,0.0,0.0,-1.7971,-1.3538,-1.5,2.7042,-0.4074,0,0,0,0.0,0.0,1.0,0,0,0.0,3,SEARCH_PHASE,-1.7561,-1.325,16.633,12.5298
271,26.297,12.4613,1.7673,32.1024,-1.7559,-1.3242,-1.4158,10.7,20.78,38.073,-4.1366,-10.7361,0.2,0.0,0.0,0.0,-1.7971,-1.3538,-1.5,2.7042,-0.3815,0,0,0,0.0,0.0,1.0,0,0,0.0,3,SEARCH_PHASE,-1.7559,-1.3242,16.5979,12.5033
272,26.409,12.4261,1.7408,32.0736,-1.7564,-1.3244,-1.4419,10.656,20.736,38.025,-4.1366,-10.7361,0.2,0.0,0.0,0.0,-1.7971,-1.3538,-1.5,2.7042,-0.4163,0,0,0,0.0,0.0,1.0,0,0,0.0,3,SEARCH_PHASE,-1.7564,-1.3244,16.5628,12.4769
273,26.519,12.391,1.7143,32.0444,-1.757,-1.3236,-1.4581,10.611,20.692,37.977,-4.1366,-10.7361,0.2,0.0,0.0,0.0,-1.7971,-1.3538,-1.5,2.7042,-0.3776,0,0,0,0.0,0.0,1.0,0,0,0.0,3,SEARCH_PHASE,-1.757,-1.3236,16.5276,12.4504
274,26.629,12.3558,1.6878,32.0151,-1.7588,-1.3241,-1.4684,10.565,20.648,37.928,-4.1366,-10.7361,0.2,0.0,0.0,0.0,-1.7971,-1.3538,-1.5,2.7042,-0.4137,0,0,0,0.0,0.0,1.0,0,0,0.0,3,SEARCH_PHASE,-1.7588,-1.3241,16.4924,12.4239
275,26.738,12.3206,1.6614,31.9856,-1.7603,-1.323,-1.4749,10.52,20.604,37.88,-4.1366,-10.7361,0.2,0.0,0.0,0.0,-1.7971,-1.3538,-1.452,2.6778,-0.3863,0,0,0,0.0,0.0,1.0,0,0,0.0,3,SEARCH_PHASE,-1.7603,-1.323,16.4572,12.3974
276,26.844,12.2853,1.6349,31.9564,-1.7635,-1.3232,-1.4612,10.475,20.56,37.831,-4.1366,-10.7361,0.2,0.0,0.0,0.0,-1.7971,-1.3538,-1.404,2.6521,-0.4249,0,0,0,0.0,0.0,1.0,0,0,0.0,3,SEARCH_PHASE,-1.7635,-1.3232,16.422,12.371
277,26.957,12.25,1.6084,31.9277,-1.7663,-1.3223,-1.4348,10.43,20.516,37.783,-4.1366,-10.7361,0.2,0.0,0.0,0.0,-1.7971,-1.3538,-1.356,2.627,-0.3817,0,0,0,0.0,0.0,1.0,0,0,0.0,3,SEARCH_PHASE,-1.7663,-1.3223,16.3866,12.3445
278,27.064,12.2146,1.582,31.8996,-1.7701,-1.3236,-1.4006,10.386,20.472,37.735,-4.1366,-10.7361,0.2,0.0,0.0,0.0,-1.7971,-1.3538,-1.308,2.6026,-0.4221,0,0,0,0.0,0.0,1.0,0,0,0.0,3,SEARCH_PHASE,-1.7701,-1.3236,16.3512,12.3181
279,27.173,12.1791,1.5555,31.8724,-1.773,-1.3229,-1.3613,10.343,20.428,37.689,-4.1366,-10.7361,0.2,0.0,0.0,0.0,-1.7971,-1.3539,-1.26,2.5788,-0.3774,0,0,0,0.0,0.0,1.0,0,0,0.0,3,SEARCH_PHASE,-1.773,-1.3229,16.3158,12.2916
280,27.28,12.1436,1.529,31.846,-1.7766,-1.324,-1.319,10.301,20.383,37.642,-4.1366,-10.7361,0.2,0.0,0.0,0.0,-1.7971,-1.3539,-1.212,2.5557,-0.4186,0,0,0,0.0,0.0,1.0,0,0,0.0,3,SEARCH_PHASE,-1.7766,-1.324,16.2802,12.2651
281,27.386,12.108,1.5026,31.8205,-1.7789,-1.3225,-1.2748,10.259,20.339,37.597,-4.1366,-10.7361,0.2,0.0,0.0,0.0,-1.7971,-1.3539,-1.164,2.5333,-0.3802,0,0,0,0.0,0.0,1.0,0,0,0.0,3,SEARCH_PHASE,-1.7789,-1.3225,16.2447,12.2387
282,27.492,12.0724,1.4761,31.796,-1.7818,-1.3223,-1.2292,10.219,20.295,37.552,-4.1366,-10.7361,0.2,0.0,0.0,0.0,-1.797,-1.3539,-1.116,2.5116,-0.4218,0,0,0,0.0,0.0,1.0,0,0,0.0,3,SEARCH_PHASE,-1.7818,-1.3223,16.209,12.2122
283,27.598,12.0367,1.4497,31.7723,-1.7831,-1.3197,-1.1829,10.179,20.25,37.508,-4.1366,-10.7361,0.2,0.0,0.0,0.0,-1.797,-1.354,-1.068,2.4906,-0.3757,0,0,0,0.0,0.0,1.0,0,0,0.0,3,SEARCH_PHASE,-1.7831,-1.3197,16.1734,12.1858
284,27.703,12.0011,1.4234,31.7496,-1.7845,-1.3186,-1.1361,10.141,20.206,37.465,-4.1366,-10.7361,0.2,0.0,0.0,0.0,-1.797,-1.354,-1.02,2.4704,-0.4176,0,0,0,0.0,0.0,1.0,0,0,0.0,3,SEARCH_PHASE,-1.7845,-1.3186,16.1377,12.1595
285,27.81,11.9654,1.3971,31.7278,-1.7842,-1.3145,-1.0892,10.103,20.162,37.423,-4.1366,-10.7361,0.2,0.0,0.0,0.0,-1.797,-1.354,-0.972,2.451,-0.4005,0,0,0,0.0,0.0,1.0,0,0,0.0,3,SEARCH_PHASE,-1.7842,-1.3145,16.102,12.1332
286,27.919,11.9297,1.3709,31.7069,-1.7839,-1.3115,-1.0425,10.066,20.117,37.382,-4.1366,-10.7361,0.2,0.0,0.0,0.0,-1.7969,-1.3541,-0.924,2.4323,-0.4336,0,0,0,0.0,0.0,1.0,0,0,0.0,3,SEARCH_PHASE,-1.7839,-1.3115,16.0663,12.1069
287,28.028,11.8941,1.3447,31.687,-1.7817,-1.3079,-0.9948,10.033,20.073,37.341,-4.1366,-10.7361,0.2,0.0,0.0,0.0,-1.7969,-1.3541,-0.876,2.4145,-0.3823,0,0,0,0.0,0.0,1.0,0,0,0.0,3,SEARCH_PHASE,-1.7817,-1.3079,16.0307,12.0808
288,28.138,11.8585,1.3185,31.6681,-1.7798,-1.3075,-0.947,10.0,20.029,37.301,-4.1366,-10.7361,0.2,0.0,0.0,0.0,-1.7969,-1.3542,-0.828,2.3975,-0.4195,0,0,0,0.0,0.0,1.0,0,0,0.0,3,SEARCH_PHASE,-1.7798,-1.3075,15.9951,12.0546
289,28.248,11.8229,1.2924,31.6501,-1.7761,-1.3056,-0.8992,9.968,19.985,37.263,-4.1366,-10.7361,0.2,0.0,0.0,0.0,-1.8352,-1.3831,-0.78,2.4268,-0.3683,0,0,0,0.0,0.0,1.0,0,0,0.0,3,SEARCH_PHASE,-1.7761,-1.3056,15.9596,12.0285
290,28.358,11.7875,1.2663,31.6331,-1.7728,-1.3064,-0.8516,9.937,19.941,37.225,-4.1366,-10.7361,0.2,0.0,0.0,0.0,-1.8735,-1.412,-0.732,2.4575,-0.4051,0,0,0,0.0,0.0,1.0,0,0,0.0,3,SEARCH_PHASE,-1.7728,-1.3064,15.9241,12.0024
291,28.467,11.7521,1.2402,31.617,-1.7675,-1.3054,-0.8037,9.907,19.897,37.188,-4.1366,-10.7361,0.2,0.0,0.0,0.0,-1.9118,-1.4409,-0.684,2.4898,-0.3842,0,0,0,0.0,0.0,1.0,0,0,0.0,3,SEARCH_PHASE,-1.7675,-1.3054,15.8888,11.9763
292,28.579,11.7169,1.2141,31.6019,-1.7624,-1.3065,-0.756,9.879,19.853,37.151,-4.1366,-10.7361,0.2,0.0,0.0,0.0,-1.9501,-1.4699,-0.636,2.5235,-0.4144,0,0,0,0.0,0.0,1.0,0,0,0.0,3,SEARCH_PHASE,-1.7624,-1.3065,15.8535,11.9502
293,28.688,11.6816,1.1879,31.5877,-1.762,-1.3074,-0.7076,9.851,19.809,37.116,-4.1366,-10.7361,0.2,0.0,0.0,0.0,-1.9512,-1.4708,-0.588,2.5132,-0.4075,0,0,0,0.0,0.0,1.0,0,0,0.0,3,SEARCH_PHASE,-1.762,-1.3074,15.8183,11.924
294,28.798,11.6464,1.1617,31.5746,-1.7618,-1.3105,-0.6591,9.824,19.765,37.081,-4.1366,-10.7361,0.2,0.0,0.0,0.0,-1.9499,-1.4699,-0.54,2.5009,-0.4245,0,0,0,0.0,0.0,1.0,0,0,0.0,3,SEARCH_PHASE,-1.7618,-1.3105,15.783,11.8978
295,28.907,11.6111,1.1354,31.5623,-1.7655,-1.3149,-0.6115,9.797,19.721,37.048,-4.1366,-10.7361,0.2,0.0,0.0,0.0,-1.9487,-1.4691,-0.492,2.4895,-0.3989,0,0,0,0.002,0.002,0.998,0,0,0.0,3,SEARCH_PHASE,-1.7655,-1.3149,15.7477,11.8715
296,29.017,11.5757,1.109,31.5511,-1.7692,-1.3225,-0.5631,9.772,19.677,37.014,-4.1366,-10.7361,0.2,0.0,0.0,0.0,-1.9475,-1.4682,-0.444,2.479,-0.4227,0,0,0,0.022,0.015,0.985,0,0,0.0,3,SEARCH_PHASE,-1.7692,-1.3225,15.7123,11.845
297,29.128,11.5402,1.0823,31.5408,-1.777,-1.3312,-0.5152,9.748,19.633,36.982,-4.1366,-10.7361,0.2,0.0,0.0,0.0,-1.9463,-1.4672,-0.396,2.4693,-0.3999,0,0,0,0.049,0.034,0.966,0,0,0.0,3,SEARCH_PHASE,-1.777,-1.3312,15.6768,11.8184
298,29.238,11.5045,1.0555,31.5314,-1.7846,-1.3434,-0.4677,9.724,19.588,36.951,-4.1366,-10.7361,0.2,0.0,0.0,0.0,-1.945,-1.4663,-0.348,2.4606,-0.3783,0,0,0,0.038,0.027,0.973,0,0,0.0,3,SEARCH_PHASE,-1.7846,-1.3434,15.6411,11.7916
299,29.347,11.4686,1.0283,31.523,-1.7959,-1.3568,-0.4206,9.701,19.543,36.92,-4.1366,-10.7361,0.2,0.0,0.0,0.0,-1.9438,-1.4654,-0.3,2.4527,-0.4166,0,0,0,0.022,0.015,0.985,0,0,0.0,3,SEARCH_PHASE,-1.7959,-1.3568,15.6052,11.7644
300,29.457,11.4324,1.0009,31.5155,-1.8082,-1.3694,-0.3734,9.679,19.497,36.889,-4.1366,-10.7361,0.2,0.0,0.0,0.0,-1.9426,-1.4644,-0.252,2.4457,-0.3763,0,0,0,0.0,0.0,1.0,0,0,0.0,3,SEARCH_PHASE,-1.8082,-1.3694,15.569,11.737
301,29.568,11.396,0.9733,31.509,-1.8214,-1.3847,-0.3267,9.658,19.452,36.86,-4.1366,-10.7361,0.2,0.0,0.0,0.0,-1.9413,-1.4635,-0.204,2.4397,-0.4194,0,0,0,0.0,0.0,1.0,0,0,0.0,3,SEARCH_PHASE,-1.8214,-1.3847,15.5326,11.7093
302,29.678,11.3593,0.9453,31.5034,-1.8331,-1.3982,-0.2797,9.637,19.406,36.83,-4.1366,-10.7361,0.2,0.0,0.0,0.0,-1.9401,-1.4625,-0.156,2.4346,-0.3783,0,0,0,0.0,0.0,1.0,0,0,0.0,3,SEARCH_PHASE,-1.8331,-1.3982,15.4959,11.6814
303,29.783,11.3224,0.917,31.4988,-1.8454,-1.4139,-0.2329,9.618,19.359,36.802,-4.1366,-10.7361,0.2,0.0,0.0,0.0,-1.9388,-1.4615,-0.108,2.4304,-0.422,0,0,0,0.0,0.0,1.0,0,0,0.0,3,SEARCH_PHASE,-1.8454,-1.4139,15.459,11.6531
304,29.89,11.2853,0.8885,31.495,-1.8562,-1.4272,-0.1859,9.599,19.312,36.774,-4.1366,-10.7361,0.2,0.0,0.0,0.0,-1.9376,-1.4605,-0.06,2.4271,-0.3801,0,0,0,0.0,0.0,1.0,0,0,0.0,3,SEARCH_PHASE,-1.8562,-1.4272,15.4219,11.6245
305,29.996,11.2479,0.8596,31.4922,-1.8674,-1.4422,-0.1395,9.58,19.265,36.747,-4.1366,-10.7361,0.2,0.0,0.0,0.0,-1.9363,-1.4595,-0.012,2.4248,-0.4242,0,0,0,0.0,0.0,1.0,0,0,0.0,3,SEARCH_PHASE,-1.8674,-1.4422,15.3846,11.5957
306,30.102,11.2104,0.8305,31.4904,-1.8771,-1.4543,-0.0921,9.563,19.218,36.721,-4.1366,-10.7361,0.2,0.0,0.0,0.0,-1.9351,-1.4584,0.036,2.4234,-0.378,0,0,0,0.0,0.0,1.0,0,0,0.0,3,SEARCH_PHASE,-1.8771,-1.4543,15.347,11.5666
307,30.21,11.1726,0.8012,31.4895,-1.8872,-1.4677,-0.0448,9.546,19.17,36.695,-4.1366,-10.7361,0.2,0.0,0.0,0.0,-1.9338,-1.4573,0.084,2.4229,-0.4164,0,0,0,0.0,0.0,1.0,0,0,0.0,3,SEARCH_PHASE,-1.8872,-1.4677,15.3093,11.5373
308,30.319,11.1347,0.7716,31.4896,-1.8956,-1.4779,0.0027,9.531,19.122,36.67,-4.1366,-10.7361,0.2,0.0,0.0,0.0,-1.9326,-1.4563,0.132,2.4234,-0.3699,0,0,0,0.0,0.0,1.0,0,0,0.0,3,SEARCH_PHASE,-1.8956,-1.4779,15.2714,11.5077
309,30.429,11.0966,0.7418,31.4906,-1.9043,-1.4888,0.0504,9.516,19.073,36.646,-4.1366,-10.7361,0.2,0.0,0.0,0.0,-1.9313,-1.4552,0.18,2.4248,-0.4104,0,0,0,0.0,0.0,1.0,0,0,0.0,3,SEARCH_PHASE,-1.9043,-1.4888,15.2333,11.4779
310,30.54,11.0584,0.7119,31.4925,-1.9113,-1.4957,0.0981,9.502,19.025,36.622,-4.1366,-10.7361,0.2,0.0,0.0,0.0,-1.93,-1.4541,0.228,2.4272,-0.3636,0,0,0,0.0,0.0,1.0,0,0,0.0,3,SEARCH_PHASE,-1.9113,-1.4957,15.195,11.448
311,30.651,11.0201,0.6819,31.4954,-1.9186,-1.5028,0.146,9.488,18.976,36.599,-4.1366,-10.7361,0.2,0.0,0.0,0.0,-1.9288,-1.453,0.276,2.4305,-0.4042,0,0,0,0.0,0.0,1.0,0,0,0.0,3,SEARCH_PHASE,-1.9186,-1.5028,15.1567,11.418
312,30.763,10.9816,0.6518,31.4993,-1.9239,-1.5054,0.194,9.476,18.927,36.577,-4.1366,-10.7361,0.2,0.0,0.0,0.0,-1.9275,-1.4519,0.324,2.4348,-0.3571,0,0,0,0.0,0.0,1.0,0,0,0.0,3,SEARCH_PHASE,-1.9239,-1.5054,15.1182,11.3878
313,30.876,10.943,0.6216,31.5042,-1.9295,-1.5077,0.2422,9.465,18.878,36.556,-4.1366,-10.7361,0.2,0.0,0.0,0.0,-1.9262,-1.4508,0.372,2.44,-0.3977,0,0,0,0.0,0.0,1.0,0,0,0.0,3,SEARCH_PHASE,-1.9295,-1.5077,15.0796,11.3577
314,30.991,10.9043,0.5915,31.51,-1.933,-1.505,0.2901,9.454,18.829,36.536,-4.1366,-10.7361,0.2,0.0,0.0,0.0,-1.9249,-1.4497,0.42,2.4461,-0.384,0,0,0,0.0,0.0,1.0,0,0,0.0,3,SEARCH_PHASE,-1.933,-1.505,15.0409,11.3276
315,31.109,10.8656,0.5615,31.5167,-1.9365,-1.5016,0.338,9.443,18.78,36.516,-4.1366,-10.7361,0.2,0.0,0.0,0.0,-1.9236,-1.4486,0.468,2.4531,-0.3994,0,0,0,0.0,0.0,1.0,0,0,0.0,3,SEARCH_PHASE,-1.9365,-1.5016,15.0022,11.2976
316,31.241,10.8269,0.5316,31.5245,-1.9367,-1.4961,0.386,9.43,18.731,36.498,-4.1366,-10.7361,0.2,0.0,0.0,0.0,-1.9223,-1.4475,0.516,2.4611,-0.3835,0,0,0,0.0,0.0,1.0,0,0,0.0,3,SEARCH_PHASE,-1.9367,-1.4961,14.9635,11.2676
317,31.365,10.7881,0.5018,31.5331,-1.9369,-1.4902,0.4339,9.418,18.683,36.48,-4.1366,-10.7361,0.2,0.0,0.0,0.0,-1.921,-1.4465,0.564,2.47,-0.4079,0,0,0,0.0,0.0,1.0,0,0,0.0,3,SEARCH_PHASE,-1.9369,-1.4902,14.9247,11.2378
318,31.489,10.7494,0.4721,31.5428,-1.9338,-1.4824,0.4818,9.406,18.634,36.464,-4.1366,-10.7361,0.2,0.0,0.0,0.0,-1.9197,-1.4454,0.612,2.4797,-0.3673,0,0,0,0.0,0.0,1.0,0,0,0.0,3,SEARCH_PHASE,-1.9338,-1.4824,14.8861,11.2082
319,31.612,10.7108,0.4426,31.5534,-1.9302,-1.4752,0.5297,9.395,18.585,36.448,-4.1366,-10.7361,0.2,0.0,0.0,0.0,-1.9184,-1.4444,0.66,2.4904,-0.409,0,0,0,0.0,0.0,1.0,0,0,0.0,3,SEARCH_PHASE,-1.9302,-1.4752,14.8475,11.1787
320,31.733,10.6723,0.4133,31.5649,-1.9256,-1.4646,0.5773,9.386,18.537,36.433,-4.1366,-10.7361,0.2,0.0,0.0,0.0,-1.9171,-1.4434,0.708,2.502,-0.3891,0,0,0,0.0,0.0,1.0,0,0,0.0,3,SEARCH_PHASE,-1.9256,-1.4646,14.809,11.1494
321,31.852,10.6339,0.3842,31.5774,-1.9222,-1.4549,0.625,9.377,18.489,36.419,-4.1366,-10.7361,0.2,0.0,0.0,0.0,-1.9158,-1.4423,0.756,2.5144,-0.4289,0,0,0,0.0,0.0,1.0,0,0,0.0,3,SEARCH_PHASE,-1.9222,-1.4549,14.7705,11.1203
322,31.974,10.5955,0.3553,31.5909,-1.9169,-1.4443,0.6728,9.37,18.441,36.407,-4.1366,-10.7361,0.2,0.0,0.0,0.0,-1.9145,-1.4414,0.804,2.5277,-0.3805,0,0,0,0.0,0.0,1.0,0,0,0.0,3,SEARCH_PHASE,-1.9169,-1.4443,14.7322,11.0914
323,32.088,10.5573,0.3266,31.6053,-1.9118,-1.4368,0.7204,9.363,18.393,36.395,-4.1366,-10.7361,0.2,0.0,0.0,0.0,-1.9132,-1.4404,0.852,2.5418,-0.4219,0,0,0,0.0,0.0,1.0,0,0,0.0,3,SEARCH_PHASE,-1.9118,-1.4368,14.6939,11.0627
324,32.201,10.5192,0.298,31.6206,-1.9047,-1.4277,0.768,9.357,18.345,36.384,-4.1366,-10.7361,0.2,0.0,0.0,0.0,-1.9118,-1.4394,0.9,2.5568,-0.3777,0,0,0,0.0,0.0,1.0,0,0,0.0,3,SEARCH_PHASE,-1.9047,-1.4277,14.6558,11.0341
325,32.313,10.4813,0.2696,31.6369,-1.8977,-1.4212,0.8157,9.353,18.298,36.374,-4.1366,-10.7361,0.2,0.0,0.0,0.0,-1.9105,-1.4384,0.948,2.5725,-0.4192,0,0,0,0.0,0.0,1.0,0,0,0.0,3,SEARCH_PHASE,-1.8977,-1.4212,14.6179,11.0057
326,32.426,10.4435,0.2413,31.6542,-1.8897,-1.4131,0.8633,9.349,18.251,36.366,-4.1366,-10.7361,0.2,0.0,0.0,0.0,-1.9092,-1.4375,0.996,2.5891,-0.3703,0,0,0,0.0,0.0,1.0,0,0,0.0,3,SEARCH_PHASE,-1.8897,-1.4131,14.5801,10.9774
327,32.541,10.4058,0.2132,31.6724,-1.8828,-1.4075,0.9109,9.347,18.204,36.358,-4.1366,-10.7361,0.2,0.0,0.0,0.0,-1.9079,-1.4365,1.044,2.6065,-0.4115,0,0,0,0.0,0.0,1.0,0,0,0.0,3,SEARCH_PHASE,-1.8828,-1.4075,14.5424,10.9493
328,32.656,10.3683,0.1852,31.6916,-1.8749,-1.3999,0.9585,9.338,18.157,36.351,-4.1366,-10.7361,0.2,0.0,0.0,0.0,-1.9066,-1.4356,1.092,2.6246,-0.3656,0,0,0,0.0,0.0,1.0,0,0,0.0,3,SEARCH_PHASE,-1.8749,-1.3999,14.5049,10.9213
329,32.788,10.331,0.1573,31.7117,-1.8679,-1.3942,1.0061,9.33,18.11,36.345,-4.1366,-10.7361,0.2,0.0,0.0,0.0,-1.9053,-1.4346,1.14,2.6435,-0.4066,0,0,0,0.0,0.0,1.0,0,0,0.0,3,SEARCH_PHASE,-1.8679,-1.3942,14.4676,10.8934
330,32.901,10.2938,0.1296,31.7328,-1.8604,-1.3863,1.0534,9.323,18.064,36.34,-4.1366,-10.7361,0.2,0.0,0.0,0.0,-1.904,-1.4337,1.188,2.6631,-0.3761,0,0,0,0.0,0.0,1.0,0,0,0.0,3,SEARCH_PHASE,-1.8604,-1.3863,14.4304,10.8657
331,33.014,10.2567,0.102,31.7548,-1.8546,-1.3801,1.1011,9.317,18.018,36.336,-4.1366,-10.7361,0.2,0.0,0.0,0.0,-1.9027,-1.4328,1.236,2.6835,-0.4175,0,0,0,0.0,0.0,1.0,0,0,0.0,3,SEARCH_PHASE,-1.8546,-1.3801,14.3933,10.8381
332,33.127,10.2197,0.0745,31.7778,-1.8477,-1.373,1.1489,9.312,17.971,36.334,-4.1366,-10.7361,0.2,0.0,0.0,0.0,-1.9015,-1.4318,1.284,2.7045,-0.373,0,0,0,0.002,0.001,0.999,0,0,0.0,3,SEARCH_PHASE,-1.8477,-1.373,14.3563,10.8106
333,33.238,10.1829,0.0472,31.8017,-1.8418,-1.3689,1.1966,9.308,17.926,36.332,-4.1366,-10.7361,0.2,0.0,0.0,0.0,-1.9002,-1.4309,1.332,2.7262,-0.4143,0,0,0,0.011,0.008,0.992,0,0,0.0,3,SEARCH_PHASE,-1.8418,-1.3689,14.3195,10.7832
334,33.349,10.1462,0.0199,31.8266,-1.8356,-1.3636,1.2444,9.307,17.88,36.331,-4.1366,-10.7361,0.2,0.0,0.0,0.0,-1.8989,-1.43,1.38,2.7487,-0.3664,0,0,0,0.011,0.008,0.992,0,0,0.0,3,SEARCH_PHASE,-1.8356,-1.3636,14.2828,10.756
335,33.458,10.1095,-0.0073,31.8525,-1.8312,-1.3613,1.2921,9.314,17.834,36.331,-4.1366,-10.7361,0.2,0.0,0.0,0.0,-1.8976,-1.4291,1.428,2.7717,-0.4072,0,0,0,0.018,0.013,0.987,0,0,0.0,3,SEARCH_PHASE,-1.8312,-1.3613,14.2462,10.7287
336,33.568,10.073,-0.0345,31.8792,-1.8263,-1.3572,1.3394,9.322,17.789,36.332,-4.1366,-10.7361,0.2,0.0,0.0,0.0,-1.8963,-1.4282,1.476,2.7954,-0.3625,0,0,0,0.011,0.008,0.992,0,0,0.0,3,SEARCH_PHASE,-1.8263,-1.3572,14.2096,10.7016
337,33.678,10.0365,-0.0616,31.907,-1.8232,-1.3555,1.3872,9.33,17.743,36.334,-4.1366,-10.7361,0.2,0.0,0.0,0.0,-1.8951,-1.4273,1.428,2.769,-0.4051,0,0,0,0.012,0.008,0.992,0,0,0.0,3,SEARCH_PHASE,-1.8232,-1.3555,14.1732,10.6745
338,33.794,10.0002,-0.0886,31.935,-1.8191,-1.3517,1.3992,9.34,17.698,36.336,-4.1366,-10.7361,0.2,0.0,0.0,0.0,-1.8938,-1.4264,1.38,2.7432,-0.3813,0,0,0,0.012,0.009,0.991,0,0,0.0,3,SEARCH_PHASE,-1.8191,-1.3517,14.1368,10.6474
339,33.903,9.9638,-0.1156,31.9628,-1.8162,-1.3494,1.3892,9.348,17.653,36.339,-4.1366,-10.7361,0.2,0.0,0.0,0.0,-1.8925,-1.4255,1.332,2.7181,-0.4184,0,0,0,0.019,0.013,0.987,0,0,0.0,3,SEARCH_PHASE,-1.8162,-1.3494,14.1005,10.6205
340,34.014,9.9276,-0.1426,31.9901,-1.8133,-1.3467,1.3654,9.357,17.608,36.341,-4.1366,-10.7361,0.2,0.0,0.0,0.0,-1.8913,-1.4246,1.284,2.6935,-0.3799,0,0,0,0.018,0.013,0.987,0,0,0.0,3,SEARCH_PHASE,-1.8133,-1.3467,14.0642,10.5935
341,34.127,9.8913,-0.1695,32.0167,-1.8119,-1.3462,1.3326,9.365,17.562,36.342,-4.1366,-10.7361,0.2,0.0,0.0,0.0,-1.89,-1.4237,1.236,2.6696,-0.4143,0,0,0,0.022,0.015,0.985,0,0,0.0,3,SEARCH_PHASE,-1.8119,-1.3462,14.028,10.5666
342,34.241,9.8551,-0.1964,32.0426,-1.8105,-1.3451,1.2945,9.373,17.517,36.343,-4.1366,-10.7361,0.2,0.0,0.0,0.0,-1.8887,-1.4228,1.188,2.6463,-0.3774,0,0,0,0.019,0.014,0.986,0,0,0.0,3,SEARCH_PHASE,-1.8105,-1.3451,13.9917,10.5397
343,34.352,9.8189,-0.2233,32.0677,-1.8103,-1.3456,1.2527,9.384,17.472,36.343,-4.1366,-10.7361,0.2,0.0,0.0,0.0,-1.8875,-1.4219,1.14,2.6237,-0.4105,0,0,0,0.021,0.015,0.985,0,0,0.0,3,SEARCH_PHASE,-1.8103,-1.3456,13.9555,10.5128
344,34.468,9.7827,-0.2502,32.0918,-1.8101,-1.3453,1.2088,9.395,17.427,36.343,-4.1366,-10.7361,0.2,0.0,0.0,0.0,-1.8862,-1.421,1.092,2.6018,-0.3885,0,0,0,0.024,0.017,0.983,0,0,0.0,3,SEARCH_PHASE,-1.8101,-1.3453,13.9193,10.4859
345,34.59,9.7465,-0.2771,32.1151,-1.811,-1.3464,1.1635,9.405,17.382,36.342,-4.1366,-10.7361,0.2,0.0,0.0,0.0,-1.885,-1.42,1.044,2.5806,-0.4209,0,0,0,0.031,0.022,0.978,0,0,0.0,3,SEARCH_PHASE,-1.811,-1.3464,13.8831,10.459
346,34.714,9.7103,-0.3041,32.1375,-1.8116,-1.3473,1.1175,9.414,17.337,36.34,-4.1366,-10.7361,0.2,0.0,0.0,0.0,-1.8837,-1.4191,0.996,2.5601,-0.385,0,0,0,0.032,0.022,0.978,0,0,0.0,3,SEARCH_PHASE,-1.8116,-1.3473,13.8469,10.432
347,34.832,9.674,-0.3311,32.1589,-1.813,-1.3501,1.0707,9.422,17.292,36.337,-4.1366,-10.7361,0.2,0.0,0.0,0.0,-1.8824,-1.4182,0.948,2.5404,-0.4171,0,0,0,0.037,0.026,0.974,0,0,0.0,3,SEARCH_PHASE,-1.813,-1.3501,13.8106,10.405
348,34.945,9.6377,-0.3581,32.1793,-1.8139,-1.3525,1.0237,9.429,17.246,36.333,-4.1366,-10.7361,0.2,0.0,0.0,0.0,-1.8812,-1.4173,0.9,2.5214,-0.3811,0,0,0,0.036,0.025,0.975,0,0,0.0,3,SEARCH_PHASE,-1.8139,-1.3525,13.7744,10.378
349,35.056,9.6014,-0.3853,32.1989,-1.8154,-1.3565,0.9763,9.435,17.201,36.329,-4.1366,-10.7361,0.2,0.0,0.0,0.0,-1.8799,-1.4164,0.852,2.5032,-0.4129,0,0,0,0.039,0.027,0.973,0,0,0.0,3,SEARCH_PHASE,-1.8154,-1.3565,13.738,10.3508
350,35.169,9.5651,-0.4125,32.2174,-1.8165,-1.3598,0.9288,9.44,17.156,36.324,-4.1366,-10.7361,0.2,0.0,0.0,0.0,-1.8787,-1.4155,0.804,2.4858,-0.3773,0,0,0,0.037,0.026,0.974,0,0,0.0,3,SEARCH_PHASE,-1.8165,-1.3598,13.7017,10.3236
351,35.281,9.5287,-0.4397,32.2351,-1.818,-1.3643,0.8812,9.444,17.11,36.318,-4.1366,-10.7361,0.2,0.0,0.0,0.0,-1.8774,-1.4146,0.756,2.4692,-0.4089,0,0,0,0.039,0.027,0.973,0,0,0.0,3,SEARCH_PHASE,-1.818,-1.3643,13.6654,10.2963
352,35.393,9.4923,-0.4671,32.2517,-1.819,-1.3678,0.8335,9.447,17.065,36.311,-4.1366,-10.7361,0.2,0.0,0.0,0.0,-1.8761,-1.4136,0.708,2.4535,-0.3729,0,0,0,0.035,0.025,0.975,0,0,0.0,3,SEARCH_PHASE,-1.819,-1.3678,13.629,10.269
353,35.504,9.4559,-0.4945,32.2675,-1.8205,-1.3723,0.7858,9.449,17.019,36.304,-4.1366,-10.7361,0.2,0.0,0.0,0.0,-1.8749,-1.4127,0.66,2.4385,-0.4044,0,0,0,0.036,0.025,0.975,0,0,0.0,3,SEARCH_PHASE,-1.8205,-1.3723,13.5926,10.2415
354,35.615,9.4195,-0.5221,32.2822,-1.8213,-1.3756,0.7381,9.451,16.973,36.296,-4.1366,-10.7361,0.2,0.0,0.0,0.0,-1.8736,-1.4117,0.612,2.4245,-0.3697,0,0,0,0.031,0.022,0.978,0,0,0.0,3,SEARCH_PHASE,-1.8213,-1.3756,13.5561,10.214
355,35.729,9.3831,-0.5496,32.296,-1.8225,-1.3795,0.6904,9.451,16.928,36.286,-4.1366,-10.7361,0.2,0.0,0.0,0.0,-1.8724,-1.4108,0.564,2.4113,-0.401,0,0,0,0.031,0.021,0.979,0,0,0.0,3,SEARCH_PHASE,-1.8225,-1.3795,13.5197,10.1864
356,35.845,9.3466,-0.5773,32.3089,-1.8232,-1.382,0.6427,9.451,16.882,36.276,-4.1366,-10.7361,0.2,0.0,0.0,0.0,-1.8712,-1.4098,0.516,2.399,-0.3645,0,0,0,0.024,0.017,0.983,0,0,0.0,3,SEARCH_PHASE,-1.8232,-1.382,13.4832,10.1588
357,35.961,9.3101,-0.605,32.3208,-1.8244,-1.385,0.595,9.449,16.836,36.266,-4.1366,-10.7361,0.2,0.0,0.0,0.0,-1.8699,-1.4088,0.468,2.3876,-0.3957,0,0,0,0.02,0.014,0.986,0,0,0.0,3,SEARCH_PHASE,-1.8244,-1.385,13.4467,10.1311
358,36.072,9.2736,-0.6327,32.3317,-1.8249,-1.3862,0.5467,9.447,16.79,36.254,-4.1366,-10.7361,0.2,0.0,0.0,0.0,-1.8687,-1.4079,0.42,2.3771,-0.375,0,0,0,0.009,0.007,0.993,0,0,0.0,3,SEARCH_PHASE,-1.8249,-1.3862,13.4102,10.1034
359,36.187,9.2371,-0.6605,32.3417,-1.8259,-1.3876,0.4993,9.443,16.744,36.242,-4.1366,-10.7361,0.2,0.0,0.0,0.0,-1.8674,-1.4069,0.372,2.3675,-0.4087,0,0,0,0.0,0.0,1.0,0,0,0.0,3,SEARCH_PHASE,-1.8259,-1.3876,13.3737,10.0756
360,36.299,9.2006,-0.6882,32.3507,-1.8263,-1.3879,0.4518,9.439,16.699,36.229,-4.1366,-10.7361,0.2,0.0,0.0,0.0,-1.8662,-1.4059,0.324,2.3589,-0.3744,0,0,0,0.0,0.0,1.0,0,0,0.0,3,SEARCH_PHASE,-1.8263,-1.3879,13.3372,10.0479
361,36.416,9.164,-0.716,32.3588,-1.827,-1.3889,0.4043,9.434,16.653,36.215,-4.1366,-10.7361,0.2,0.0,0.0,0.0,-1.8649,-1.405,0.276,2.3512,-0.4081,0,0,0,0.0,0.0,1.0,0,0,0.0,3,SEARCH_PHASE,-1.827,-1.3889,13.3007,10.0201
362,36.53,9.1275,-0.7438,32.366,-1.827,-1.3885,0.3567,9.434,16.607,36.2,-4.1366,-10.7361,0.2,0.0,0.0,0.0,-1.8637,-1.404,0.228,2.3445,-0.3754,0,0,0,0.0,0.0,1.0,0,0,0.0,3,SEARCH_PHASE,-1.827,-1.3885,13.2641,9.9923
363,36.641,9.0909,-0.7715,32.3721,-1.8272,-1.3886,0.3091,9.446,16.561,36.184,-4.1366,-10.7361,0.2,0.0,0.0,0.0,-1.8625,-1.403,0.18,2.3387,-0.4093,0,0,0,0.0,0.0,1.0,0,0,0.0,3,SEARCH_PHASE,-1.8272,-1.3886,13.2276,9.9645
364,36.753,9.0544,-0.7993,32.3774,-1.8269,-1.387,0.2614,9.457,16.515,36.168,-4.1366,-10.7361,0.2,0.0,0.0,0.0,-1.8612,-1.402,0.132,2.3339,-0.3927,0,0,0,0.0,0.0,1.0,0,0,0.0,3,SEARCH_PHASE,-1.8269,-1.387,13.191,9.9368
365,36.876,9.0179,-0.827,32.3816,-1.827,-1.3858,0.2131,9.467,16.469,36.151,-4.1366,-10.7361,0.2,0.0,0.0,0.0,-1.86,-1.4011,0.084,2.3301,-0.4236,0,0,0,0.0,0.0,1.0,0,0,0.0,3,SEARCH_PHASE,-1.827,-1.3858,13.1545,9.9091
366,36.997,8.9813,-0.8547,32.3849,-1.8262,-1.3838,0.1658,9.476,16.423,36.133,-4.1366,-10.7361,0.2,0.0,0.0,0.0,-1.8587,-1.4001,0.036,2.3273,-0.3843,0,0,0,0.0,0.0,1.0,0,0,0.0,3,SEARCH_PHASE,-1.8262,-1.3838,13.118,9.8814
367,37.126,8.9448,-0.8823,32.3873,-1.8255,-1.383,0.1183,9.484,16.377,36.114,-4.1366,-10.7361,0.2,0.0,0.0,0.0,-1.8575,-1.3992,-0.012,2.3255,-0.4127,0,0,0,0.002,0.002,0.998,0,0,0.0,3,SEARCH_PHASE,-1.8255,-1.383,13.0815,9.8538
368,37.253,8.9084,-0.91,32.3887,-1.824,-1.3813,0.0705,9.491,16.332,36.095,-4.1366,-10.7361,0.2,0.0,0.0,0.0,-1.8562,-1.3982,-0.06,2.3247,-0.376,0,0,0,0.017,0.012,0.988,0,0,0.0,3,SEARCH_PHASE,-1.824,-1.3813,13.045,9.8261
369,37.374,8.8719,-0.9376,32.3892,-1.8227,-1.3806,0.023,9.497,16.286,36.075,-4.1366,-10.7361,0.2,0.0,0.0,0.0,-1.855,-1.3972,-0.108,2.3248,-0.4048,0,0,0,0.027,0.019,0.981,0,0,0.0,3,SEARCH_PHASE,-1.8227,-1.3806,13.0085,9.7985
370,37.492,8.8355,-0.9651,32.3887,-1.821,-1.3789,-0.025,9.503,16.24,36.054,-4.1366,-10.7361,0.2,0.0,0.0,0.0,-1.8537,-1.3963,-0.156,2.326,-0.3737,0,0,0,0.019,0.014,0.986,0,0,0.0,3,SEARCH_PHASE,-1.821,-1.3789,12.9721,9.7709
371,37.608,8.7991,-0.9927,32.3872,-1.8198,-1.3781,-0.0724,9.507,16.195,36.032,-4.1366,-10.7361,0.2,0.0,0.0,0.0,-1.8525,-1.3953,-0.204,2.3281,-0.408,0,0,0,0.01,0.007,0.993,0,0,0.0,3,SEARCH_PHASE,-1.8198,-1.3781,12.9357,9.7434
372,37.725,8.7627,-1.0202,32.3848,-1.8181,-1.3761,-0.1199,9.51,16.149,36.009,-4.1366,-10.7361,0.2,0.0,0.0,0.0,-1.8512,-1.3944,-0.252,2.3313,-0.3741,0,0,0,0.0,0.0,1.0,0,0,0.0,3,SEARCH_PHASE,-1.8181,-1.3761,12.8993,9.7159
373,37.842,8.7264,-1.0477,32.3815,-1.8168,-1.375,-0.1674,9.513,16.103,35.986,-4.1366,-10.7361,0.2,0.0,0.0,0.0,-1.85,-1.3934,-0.3,2.3354,-0.4085,0,0,0,0.0,0.0,1.0,0,0,0.0,3,SEARCH_PHASE,-1.8168,-1.375,12.863,9.6884
374,37.958,8.6901,-1.0752,32.3772,-1.815,-1.3725,-0.2152,9.514,16.058,35.961,-4.1366,-10.7361,0.2,0.0,0.0,0.0,-1.8488,-1.3925,-0.348,2.3405,-0.3917,0,0,0,0.0,0.0,1.0,0,0,0.0,3,SEARCH_PHASE,-1.815,-1.3725,12.8267,9.6609
375,38.075,8.6538,-1.1026,32.3719,-1.8135,-1.3706,-0.2634,9.514,16.012,35.936,-4.1366,-10.7361,0.2,0.0,0.0,0.0,-1.8475,-1.3915,-0.396,2.3466,-0.4251,0,0,0,0.0,0.0,1.0,0,0,0.0,3,SEARCH_PHASE,-1.8135,-1.3706,12.7904,9.6335
376,38.192,8.6176,-1.13,32.3657,-1.8119,-1.368,-0.3107,9.514,15.967,35.911,-4.1366,-10.7361,0.2,0.0,0.0,0.0,-1.8463,-1.3906,-0.444,2.3536,-0.3859,0,0,0,0.01,0.007,0.993,0,0,0.0,3,SEARCH_PHASE,-1.8119,-1.368,12.7542,9.6061
377,38.311,8.5814,-1.1573,32.3585,-1.8109,-1.3669,-0.3582,9.504,15.922,35.884,-4.1366,-10.7361,0.2,0.0,0.0,0.0,-1.845,-1.3896,-0.492,2.3616,-0.4155,0,0,0,0.027,0.019,0.981,0,0,0.0,3,SEARCH_PHASE,-1.8109,-1.3669,12.718,9.5788
378,38.432,8.5452,-1.1846,32.3504,-1.8098,-1.365,-0.4057,9.49,15.876,35.857,-4.1366,-10.7361,0.2,0.0,0.0,0.0,-1.8438,-1.3887,-0.54,2.3706,-0.3766,0,0,0,0.036,0.025,0.975,0,0,0.0,3,SEARCH_PHASE,-1.8098,-1.365,12.6818,9.5515
379,38.552,8.509,-1.2119,32.3414,-1.8093,-1.3643,-0.4533,9.476,15.831,35.829,-4.1366,-10.7361,0.2,0.0,0.0,0.0,-1.8426,-1.3877,-0.588,2.3805,-0.4057,0,0,0,0.046,0.032,0.968,0,0,0.0,3,SEARCH_PHASE,-1.8093,-1.3643,12.6456,9.5242
380,38.669,8.4728,-1.2391,32.3313,-1.8084,-1.3625,-0.5016,9.46,15.786,35.8,-4.1366,-10.7361,0.2,0.0,0.0,0.0,-1.8413,-1.3868,-0.636,2.3913,-0.3718,0,0,0,0.042,0.03,0.97,0,0,0.0,3,SEARCH_PHASE,-1.8084,-1.3625,12.6094,9.497
381,38.786,8.4367,-1.2664,32.3203,-1.8081,-1.3616,-0.549,9.444,15.74,35.77,-4.1366,-10.7361,0.2,0.0,0.0,0.0,-1.8401,-1.3859,-0.684,2.403,-0.4041,0,0,0,0.043,0.03,0.97,0,0,0.0,3,SEARCH_PHASE,-1.8081,-1.3616,12.5733,9.4697
382,38.902,8.4005,-1.2936,32.3084,-1.8073,-1.3596,-0.5966,9.426,15.695,35.739,-4.1366,-10.7361,0.2,0.0,0.0,0.0,-1.8388,-1.3849,-0.732,2.4156,-0.38,0,0,0,0.043,0.03,0.97,0,0,0.0,3,SEARCH_PHASE,-1.8073,-1.3596,12.5371,9.4425
383,39.019,8.3644,-1.3207,32.2955,-1.8071,-1.3581,-0.6441,9.408,15.65,35.708,-4.1366,-10.7361,0.2,0.0,0.0,0.0,-1.8376,-1.384,-0.78,2.4291,-0.4121,0,0,0,0.048,0.034,0.966,0,0,0.0,3,SEARCH_PHASE,-1.8071,-1.3581,12.501,9.4154
384,39.137,8.3282,-1.3478,32.2817,-1.8061,-1.3559,-0.6916,9.389,15.605,35.676,-4.1366,-10.7361,0.2,0.0,0.0,0.0,-1.8363,-1.3831,-0.828,2.4435,-0.377,0,0,0,0.046,0.032,0.968,0,0,0.0,3,SEARCH_PHASE,-1.8061,-1.3559,12.4649,9.3882
385,39.254,8.2921,-1.3749,32.2669,-1.8053,-1.3548,-0.7392,9.378,15.56,35.643,-4.1366,-10.7361,0.2,0.0,0.0,0.0,-1.8351,-1.3822,-0.876,2.4587,-0.4091,0,0,0,0.049,0.035,0.965,0,0,0.0,3,SEARCH_PHASE,-1.8053,-1.3548,12.4288,9.3612
386,39.37,8.2561,-1.402,32.2512,-1.8038,-1.3525,-0.7869,9.371,15.515,35.609,-4.1366,-10.7361,0.2,0.0,0.0,0.0,-1.8338,-1.3812,-0.924,2.4748,-0.3793,0,0,0,0.048,0.034,0.966,0,0,0.0,3,SEARCH_PHASE,-1.8038,-1.3525,12.3927,9.3341
387,39.486,8.22,-1.429,32.2345,-1.8024,-1.3511,-0.8345,9.363,15.47,35.574,-4.1366,-10.7361,0.2,0.0,0.0,0.0,-1.8326,-1.3803,-0.972,2.4917,-0.4115,0,0,0,0.052,0.036,0.964,0,0,0.0,3,SEARCH_PHASE,-1.8024,-1.3511,12.3566,9.3071
388,39.602,8.184,-1.456,32.2168,-1.8008,-1.3486,-0.8822,9.355,15.425,35.539,-4.1366,-10.7361,0.2,0.0,0.0,0.0,-1.8313,-1.3794,-1.02,2.5094,-0.3874,0,0,0,0.055,0.038,0.962,0,0,0.0,3,SEARCH_PHASE,-1.8008,-1.3486,12.3206,9.2801
389,39.718,8.148,-1.4829,32.1982,-1.8001,-1.347,-0.9297,9.345,15.38,35.502,-4.1366,-10.7361,0.2,0.0,0.0,0.0,-1.8301,-1.3785,-1.068,2.5279,-0.4194,0,0,0,0.063,0.044,0.956,0,0,0.0,3,SEARCH_PHASE,-1.8001,-1.347,12.2846,9.2532
390,39.836,8.112,-1.5098,32.1787,-1.7989,-1.3449,-0.9773,9.335,15.335,35.465,-4.1366,-10.7361,0.2,0.0,0.0,0.0,-1.8288,-1.3776,-1.116,2.5471,-0.3835,0,0,0,0.064,0.045,0.955,0,0,0.0,3,SEARCH_PHASE,-1.7989,-1.3449,12.2486,9.2263
391,39.952,8.0761,-1.5367,32.1582,-1.7982,-1.344,-1.0249,9.338,15.29,35.427,-4.1366,-10.7361,0.2,0.0,0.0,0.0,-1.8276,-1.3767,-1.164,2.5671,-0.4153,0,0,0,0.07,0.049,0.951,0,0,0.0,3,SEARCH_PHASE,-1.7982,-1.344,12.2127,9.1994
392,40.068,8.0401,-1.5635,32.1368,-1.7969,-1.3422,-1.0725,9.347,15.245,35.389,-4.1366,-10.7361,0.2,0.0,0.0,0.0,-1.8264,-1.3758,-1.212,2.5879,-0.3793,0,0,0,0.069,0.048,0.952,0,0,0.0,3,SEARCH_PHASE,-1.7969,-1.3422,12.1767,9.1725
393,40.184,8.0042,-1.5904,32.1144,-1.796,-1.3415,-1.1201,9.323,15.2,35.349,-4.1366,-10.7361,0.2,0.0,0.0,0.0,-1.8251,-1.3749,-1.26,2.6094,-0.4109,0,0,0,0.073,0.051,0.949,0,0,0.0,3,SEARCH_PHASE,-1.796,-1.3415,12.1408,9.1457
394,40.3,7.9683,-1.6172,32.091,-1.7944,-1.3395,-1.1679,9.296,15.155,35.309,-4.1366,-10.7361,0.2,0.0,0.0,0.0,-1.8239,-1.374,-1.308,2.6316,-0.3896,0,0,0,0.078,0.055,0.945,0,0,0.0,3,SEARCH_PHASE,-1.7944,-1.3395,12.1049,9.1189
395,40.416,7.9324,-1.6439,32.0667,-1.7931,-1.3383,-1.2154,9.268,15.111,35.268,-4.1366,-10.7361,0.2,0.0,0.0,0.0,-1.8226,-1.3731,-1.356,2.6544,-0.4213,0,0,0,0.087,0.036,0.964,0,0,0.0,3,SEARCH_PHASE,-1.7931,-1.3383,12.0691,9.0922
396,40.531,7.8966,-1.6707,32.0414,-1.7913,-1.3365,-1.2629,9.239,15.066,35.226,-4.1366,-10.7361,0.2,0.0,0.0,0.0,-1.8214,-1.3722,-1.404,2.6779,-0.3849,0,0,0,0.09,0.031,0.969,0,0,0.0,3,SEARCH_PHASE,-1.7913,-1.3365,12.0332,9.0654
397,40.647,7.8608,-1.6974,32.0152,-1.7898,-1.336,-1.3105,9.209,15.021,35.183,-4.1366,-10.7361,0.2,0.0,0.0,0.0,-1.8201,-1.3713,-1.452,2.7021,-0.4164,0,0,0,0.097,0.038,0.962,0,0,0.0,3,SEARCH_PHASE,-1.7898,-1.336,11.9974,9.0387
398,40.762,7.8251,-1.7241,31.9881,-1.7876,-1.3347,-1.358,9.178,14.977,35.139,-4.1366,-10.7361,0.2,0.0,0.0,0.0,-1.8189,-1.3704,-1.404,2.6753,-0.3819,0,0,0,0.099,0.04,0.96,0,0,0.0,3,SEARCH_PHASE,-1.7876,-1.3347,11.9617,9.012
399,40.88,7.7893,-1.7508,31.9607,-1.7865,-1.3352,-1.3701,9.147,14.932,35.096,-4.1366,-10.7361,0.2,0.0,0.0,0.0,-1.8176,-1.3695,-1.356,2.6491,-0.4175,0,0,0,0.107,0.046,0.954,0,0,0.0,3,SEARCH_PHASE,-1.7865,-1.3352,11.926,8.9853
400,41.001,7.7536,-1.7775,31.9335,-1.7853,-1.3349,-1.3598,9.116,14.887,35.052,-4.1366,-10.7361,0.2,0.0,0.0,0.0,-1.8164,-1.3686,-1.308,2.6236,-0.3746,0,0,0,0.106,0.046,0.954,0,0,0.0,3,SEARCH_PHASE,-1.7853,-1.3349,11.8903,8.9586
401,41.118,7.7179,-1.8042,31.9067,-1.7852,-1.3364,-1.3357,9.086,14.843,35.009,-4.1366,-10.7361,0.2,0.0,0.0,0.0,-1.8152,-1.3676,-1.26,2.5986,-0.4136,0,0,0,0.112,0.05,0.95,0,0,0.0,3,SEARCH_PHASE,-1.7852,-1.3364,11.8546,8.9319
402,41.234,7.6822,-1.8309,31.8807,-1.7844,-1.336,-1.3028,9.056,14.798,34.966,-4.1366,-10.7361,0.2,0.0,0.0,0.0,-1.8139,-1.3667,-1.212,2.5743,-0.3684,0,0,0,0.109,0.049,0.951,0,0,0.0,3,SEARCH_PHASE,-1.7844,-1.336,11.8189,8.9052
403,41.354,7.6466,-1.8577,31.8554,-1.7845,-1.3371,-1.2644,9.027,14.754,34.925,-4.1366,-10.7361,0.2,0.0,0.0,0.0,-1.8127,-1.3658,-1.164,2.5507,-0.4086,0,0,0,0.113,0.05,0.95,0,0,0.0,3,SEARCH_PHASE,-1.7845,-1.3371,11.7832,8.8784
404,41.47,7.6109,-1.8844,31.831,-1.7836,-1.3355,-1.2227,8.999,14.709,34.884,-4.1366,-10.7361,0.2,0.0,0.0,0.0,-1.8115,-1.3649,-1.116,2.5278,-0.375,0,0,0,0.114,0.053,0.947,0,0,0.0,3,SEARCH_PHASE,-1.7836,-1.3355,11.7475,8.8517
405,41.586,7.5752,-1.9111,31.8074,-1.7835,-1.3348,-1.1787,8.971,14.665,34.844,-4.1366,-10.7361,0.2,0.0,0.0,0.0,-1.8102,-1.364,-1.068,2.5056,-0.4156,0,0,0,0.121,0.059,0.941,0,0,0.0,3,SEARCH_PHASE,-1.7835,-1.3348,11.7118,8.825
406,41.702,7.5396,-1.9377,31.7847,-1.7817,-1.3321,-1.1333,8.945,14.62,34.804,-4.1366,-10.7361,0.2,0.0,0.0,0.0,-1.809,-1.3631,-1.02,2.4841,-0.3701,0,0,0,0.121,0.06,0.94,0,0,0.0,3,SEARCH_PHASE,-1.7817,-1.3321,11.6762,8.7984
407,41.822,7.504,-1.9643,31.763,-1.7803,-1.3311,-1.0872,8.919,14.576,34.766,-4.1366,-10.7361,0.2,0.0,0.0,0.0,-1.8077,-1.3622,-0.972,2.4634,-0.411,0,0,0,0.127,0.065,0.935,0,0,0.0,3,SEARCH_PHASE,-1.7803,-1.3311,11.6406,8.7718
408,41.94,7.4684,-1.9909,31.7422,-1.7772,-1.3276,-1.0405,8.895,14.531,34.728,-4.1366,-10.7361,0.2,0.0,0.0,0.0,-1.8065,-1.3613,-0.924,2.4435,-0.3681,0,0,0,0.126,0.066,0.934,0,0,0.0,3,SEARCH_PHASE,-1.7772,-1.3276,11.605,8.7452
409,42.055,7.4329,-2.0174,31.7223,-1.7747,-1.3256,-0.9935,8.871,14.487,34.692,-4.1366,-10.7361,0.2,0.0,0.0,0.0,-1.8053,-1.3604,-0.876,2.4243,-0.4091,0,0,0,0.131,0.068,0.932,0,0,0.0,3,SEARCH_PHASE,-1.7747,-1.3256,11.5696,8.7187
410,42.172,7.3975,-2.0438,31.7034,-1.7715,-1.321,-0.9463,8.849,14.443,34.656,-4.1366,-10.7361,0.2,0.0,0.0,0.0,-1.804,-1.3595,-0.828,2.4059,-0.3832,0,0,0,0.138,0.076,0.924,0,0,0.0,3,SEARCH_PHASE,-1.7715,-1.321,11.5341,8.6923
411,42.289,7.3621,-2.0702,31.6854,-1.7697,-1.3177,-0.8989,8.827,14.399,34.622,-4.1366,-10.7361,0.2,0.0,0.0,0.0,-1.8028,-1.3587,-0.78,2.3884,-0.424,0,0,0,0.15,0.045,0.955,0,0,0.0,3,SEARCH_PHASE,-1.7697,-1.3177,11.4987,8.6659
412,42.404,7.3268,-2.0964,31.6684,-1.7665,-1.3135,-0.8513,8.806,14.355,34.588,-4.1366,-10.7361,0.2,0.0,0.0,0.0,-1.8016,-1.3578,-0.732,2.3717,-0.3766,0,0,0,0.154,0.056,0.944,0,0,0.0,3,SEARCH_PHASE,-1.7665,-1.3135,11.4634,8.6396
413,42.517,7.2915,-2.1227,31.6523,-1.764,-1.3123,-0.8038,8.787,14.311,34.555,-4.1366,-10.7361,0.2,0.0,0.0,0.0,-1.8003,-1.3569,-0.684,2.3559,-0.4173,0,0,0,0.165,0.065,0.935,0,0,0.0,3,SEARCH_PHASE,-1.764,-1.3123,11.4281,8.6134
414,42.63,7.2563,-2.1489,31.6372,-1.7599,-1.3097,-0.7562,8.768,14.267,34.523,-4.1366,-10.7361,0.2,0.0,0.0,0.0,-1.7991,-1.356,-0.636,2.341,-0.3736,0,0,0,0.17,0.075,0.925,0,0,0.0,3,SEARCH_PHASE,-1.7599,-1.3097,11.3929,8.5872
415,42.743,7.2212,-2.1751,31.623,-1.7563,-1.3096,-0.7086,8.75,14.223,34.492,-4.1366,-10.7361,0.2,0.0,0.0,0.0,-1.7979,-1.3552,-0.588,2.3269,-0.4143,0,0,0,0.184,0.083,0.917,0,0,0.0,3,SEARCH_PHASE,-1.7563,-1.3096,11.3578,8.561
416,42.86,7.1861,-2.2012,31.6098,-1.752,-1.308,-0.6609,8.733,14.179,34.462,-4.1366,-10.7361,0.2,0.0,0.0,0.0,-1.7967,-1.3543,-0.54,2.3138,-0.3667,0,0,0,0.186,0.086,0.914,0,0,0.0,3,SEARCH_PHASE,-1.752,-1.308,11.3228,8.5349
417,42.977,7.1511,-2.2274,31.5975,-1.7491,-1.3088,-0.6133,8.717,14.135,34.433,-4.1366,-10.7361,0.2,0.0,0.0,0.0,-1.7954,-1.3534,-0.492,2.3016,-0.407,0,0,0,0.194,0.091,0.909,0,0,0.0,3,SEARCH_PHASE,-1.7491,-1.3088,11.2878,8.5087
418,43.098,7.1162,-2.2536,31.5862,-1.7453,-1.3075,-0.5657,8.702,14.092,34.405,-4.1366,-10.7361,0.2,0.0,0.0,0.0,-1.7942,-1.3525,-0.444,2.2904,-0.3596,0,0,0,0.189,0.08,0.92,0,0,0.0,3,SEARCH_PHASE,-1.7453,-1.3075,11.2529,8.4825
419,43.219,7.0814,-2.2797,31.5758,-1.7428,-1.3081,-0.5181,8.688,14.048,34.377,-4.1366,-10.7361,0.2,0.0,0.0,0.0,-1.793,-1.3516,-0.396,2.2801,-0.3997,0,0,0,0.195,0.084,0.916,0,0,0.0,3,SEARCH_PHASE,-1.7428,-1.3081,11.218,8.4564
420,43.339,7.0466,-2.3058,31.5664,-1.7392,-1.3062,-0.4711,8.675,14.005,34.351,-4.1366,-10.7361,0.2,0.0,0.0,0.0,-1.7918,-1.3507,-0.348,2.2707,-0.364,0,0,0,0.184,0.085,0.915,0,0,0.0,3,SEARCH_PHASE,-1.7392,-1.3062,11.1832,8.4302
421,43.459,7.0119,-2.332,31.5579,-1.7367,-1.3057,-0.4232,8.663,13.961,34.325,-4.1366,-10.7361,0.2,0.0,0.0,0.0,-1.7906,-1.3498,-0.3,2.2624,-0.4104,0,0,1,0.175,0.069,0.931,0,0,0.0,3,MOUNTAIN_APPROACH_CORRIDOR,-1.7367,-1.3057,11.1485,8.4041
422,43.577,6.9772,-2.358,31.55,-1.7338,-1.3027,-0.3963,8.652,13.918,34.301,-4.1366,-10.7361,0.2,0.0,0.0,0.0,-1.7894,-1.349,-0.252,2.2551,-0.3705,0,0,1,0.161,0.05,0.95,0,0,0.0,3,MOUNTAIN_APPROACH_CORRIDOR,-1.7338,-1.3027,11.1138,8.3781
423,43.696,6.9425,-2.384,31.5424,-1.7324,-1.3011,-0.3783,8.64,13.875,34.276,-4.1366,-10.7361,0.2,0.0,0.0,0.0,-1.7882,-1.3481,-0.204,2.2487,-0.3398,0,0,1,0.119,0.045,0.955,0,0,0.0,3,MOUNTAIN_APPROACH_CORRIDOR,-1.7324,-1.3011,11.0792,8.3521
424,43.814,6.9079,-2.41,31.5352,-1.7308,-1.297,-0.3646,8.63,13.831,34.252,-4.1366,-10.7361,0.2,0.0,0.0,0.0,-1.787,-1.3472,-0.156,2.2434,-0.3631,0,0,1,0.076,0.053,0.947,0,0,0.0,3,MOUNTAIN_APPROACH_CORRIDOR,-1.7308,-1.297,11.0446,8.3261
425,43.934,6.8734,-2.4357,31.5281,-1.7274,-1.2874,-0.3519,8.619,13.788,34.228,-4.1366,-10.7361,0.2,0.0,0.0,0.0,-1.7858,-1.3463,-0.108,2.2391,-0.3362,0,0,1,0.0,0.0,1.0,0,0,0.0,3,MOUNTAIN_APPROACH_CORRIDOR,-1.7274,-1.2874,11.01,8.3004
426,44.057,6.839,-2.4612,31.5214,-1.719,-1.2736,-0.3384,8.609,13.745,34.205,-4.1366,-10.7361,0.2,0.0,0.0,0.0,-1.7846,-1.3455,-0.06,2.2358,-0.3553,0,0,1,0.0,0.0,1.0,0,0,0.0,3,MOUNTAIN_APPROACH_CORRIDOR,-1.719,-1.2736,10.9756,8.2749
427,44.178,6.8049,-2.4862,31.5149,-1.7043,-1.2525,-0.3251,8.599,13.703,34.182,-4.1366,-10.7361,0.2,0.0,0.0,0.0,-1.7834,-1.3447,-0.012,2.2336,-0.3648,0,0,1,0.0,0.0,1.0,0,0,0.0,3,MOUNTAIN_APPROACH_CORRIDOR,-1.7043,-1.2525,10.9415,8.2498
428,44.305,6.7713,-2.5107,31.5086,-1.68,-1.2253,-0.3122,8.589,13.662,34.159,-4.1366,-10.7361,0.2,0.0,0.0,0.0,-1.7822,-1.3439,0.036,2.2324,-0.3514,0,0,1,0.0,0.0,1.0,0,0,0.0,3,MOUNTAIN_APPROACH_CORRIDOR,-1.68,-1.2253,10.9079,8.2253
429,44.433,6.7384,-2.5346,31.5025,-1.6438,-1.1922,-0.3038,8.58,13.621,34.138,-4.1366,-10.7361,0.2,0.0,0.0,0.0,-1.781,-1.3432,0.084,2.2323,-0.3923,0,0,1,0.0,0.0,1.0,0,0,0.0,3,MOUNTAIN_APPROACH_CORRIDOR,-1.6438,-1.1922,10.8751,8.2015
430,44.567,6.7064,-2.5576,31.4965,-1.5996,-1.1519,-0.3003,8.57,13.582,34.116,-4.1366,-10.7361,0.2,0.0,0.0,0.0,-1.7799,-1.3425,0.132,2.2333,-0.3999,0,0,1,0.0,0.0,1.0,0,0,0.0,3,MOUNTAIN_APPROACH_CORRIDOR,-1.5996,-1.1519,10.8431,8.1785
431,44.697,6.6755,-2.5798,31.4905,-1.5492,-1.1084,-0.3015,8.561,13.543,34.096,-4.1366,-10.7361,0.2,0.0,0.0,0.0,-1.7787,-1.3418,0.18,2.2353,-0.4255,0,0,1,0.0,0.0,1.0,0,0,0.0,3,MOUNTAIN_APPROACH_CORRIDOR,-1.5492,-1.1084,10.8121,8.1563
432,44.828,6.6456,-2.6011,31.4844,-1.4944,-1.0631,-0.3061,8.552,13.507,34.076,-4.1366,-10.7361,0.2,0.0,0.0,0.0,-1.7776,-1.3412,0.228,2.2384,-0.4026,0,0,1,0.0,0.0,1.0,0,0,0.0,3,MOUNTAIN_APPROACH_CORRIDOR,-1.4944,-1.0631,10.7822,8.135
433,44.957,6.6169,-2.6214,31.4781,-1.4328,-1.0179,-0.3151,8.543,13.472,34.056,-4.1366,-10.7361,0.2,0.0,0.0,0.0,-1.7765,-1.3406,0.276,2.2426,-0.4447,0,0,1,0.0,0.0,1.0,0,0,0.0,3,MOUNTAIN_APPROACH_CORRIDOR,-1.4328,-1.0179,10.7535,8.1147
434,45.086,6.5896,-2.6408,31.4715,-1.3674,-0.9714,-0.3272,8.534,13.438,34.037,-4.1366,-10.7361,0.2,0.0,0.0,0.0,-1.7755,-1.34,0.324,2.2479,-0.4251,0,0,1,0.0,0.0,1.0,0,0,0.0,3,MOUNTAIN_APPROACH_CORRIDOR,-1.3674,-0.9714,10.7262,8.0952
435,45.211,6.5636,-2.6594,31.4647,-1.2991,-0.9265,-0.3407,8.525,13.406,34.018,-4.1366,-10.7361,0.2,0.0,0.0,0.0,-1.7746,-1.3395,0.372,2.2542,-0.4552,0,0,1,0.0,0.0,1.0,0,0,0.0,3,MOUNTAIN_APPROACH_CORRIDOR,-1.2991,-0.9265,10.7002,8.0767
436,45.338,6.539,-2.677,31.4576,-1.2306,-0.8817,-0.3535,8.515,13.376,33.999,-4.1366,-10.7361,0.2,0.0,0.0,0.0,-1.7737,-1.3389,0.42,2.2616,-0.4535,0,0,1,0.0,0.0,1.0,0,0,0.0,3,MOUNTAIN_APPROACH_CORRIDOR,-1.2306,-0.8817,10.6756,8.0591
437,45.463,6.5157,-2.6938,31.4503,-1.163,-0.8403,-0.3648,8.505,13.347,33.981,-4.1366,-10.7361,0.2,0.0,0.0,0.0,-1.7728,-1.3384,0.468,2.2701,-0.4572,0,0,1,0.0,0.0,1.0,0,0,0.0,3,MOUNTAIN_APPROACH_CORRIDOR,-1.163,-0.8403,10.6523,8.0423
438,45.589,6.4937,-2.7098,31.4429,-1.0997,-0.8008,-0.3739,8.496,13.32,33.964,-4.1366,-10.7361,0.2,0.0,0.0,0.0,-1.772,-1.3379,0.516,2.2795,-0.4567,0,0,1,0.011,0.008,0.992,0,0,0.0,3,MOUNTAIN_APPROACH_CORRIDOR,-1.0997,-0.8008,10.6303,8.0262
439,45.72,6.473,-2.7251,31.4353,-1.0386,-0.7648,-0.3803,8.486,13.294,33.947,-4.1366,-10.7361,0.2,0.0,0.0,0.0,-1.7713,-1.3374,0.564,2.29,-0.4647,0,0,1,0.053,0.022,0.978,0,0,0.0,3,MOUNTAIN_APPROACH_CORRIDOR,-1.0386,-0.7648,10.6096,8.011
440,45.848,6.4533,-2.7398,31.4276,-0.983,-0.7317,-0.3837,8.476,13.27,33.93,-4.1366,-10.7361,0.2,0.0,0.0,0.0,-1.7706,-1.3369,0.612,2.3015,-0.4567,0,0,1,0.073,0.034,0.966,0,0,0.0,3,MOUNTAIN_APPROACH_CORRIDOR,-0.983,-0.7317,10.5899,7.9963
441,45.976,6.4347,-2.7538,31.4199,-0.9315,-0.7034,-0.3843,8.467,13.246,33.914,-4.1366,-10.7361,0.2,0.0,0.0,0.0,-1.7699,-1.3365,0.66,2.314,-0.4571,0,0,1,0.109,0.058,0.942,0,0,0.0,3,MOUNTAIN_APPROACH_CORRIDOR,-0.9315,-0.7034,10.5713,7.9822
442,46.104,6.4169,-2.7674,31.4122,-0.888,-0.6786,-0.3826,8.457,13.224,33.898,-4.1366,-10.7361,0.2,0.0,0.0,0.0,-1.7693,-1.336,0.708,2.3274,-0.4503,0,0,1,0.126,0.051,0.949,0,0,0.0,3,MOUNTAIN_APPROACH_CORRIDOR,-0.888,-0.6786,10.5535,7.9687
443,46.235,6.3999,-2.7806,31.4047,-0.8493,-0.6585,-0.3791,8.448,13.203,33.883,-4.1366,-10.7361,0.2,0.0,0.0,0.0,-1.7688,-1.3355,0.756,2.3417,-0.4542,0,0,1,0.16,0.06,0.94,0,0,0.0,3,MOUNTAIN_APPROACH_CORRIDOR,-0.8493,-0.6585,10.5365,7.9555
444,46.36,6.3835,-2.7934,31.3972,-0.8189,-0.6418,-0.3747,8.438,13.182,33.868,-4.1366,-10.7361,0.2,0.0,0.0,0.0,-1.7683,-1.335,0.804,2.357,-0.4362,0,0,1,0.172,0.069,0.931,0,0,0.0,3,MOUNTAIN_APPROACH_CORRIDOR,-0.8189,-0.6418,10.5202,7.9427
445,46.483,6.3677,-2.806,31.3898,-0.7937,-0.6298,-0.3691,8.429,13.162,33.853,-4.1366,-10.7361,0.2,0.0,0.0,0.0,-1.7677,-1.3345,0.852,2.3731,-0.4427,0,0,1,0.2,0.076,0.924,0,0,0.0,3,MOUNTAIN_APPROACH_CORRIDOR,-0.7937,-0.6298,10.5043,7.9301
446,46.608,6.3521,-2.8184,31.3825,-0.7766,-0.6206,-0.3637,8.42,13.142,33.839,-4.1366,-10.7361,0.2,0.0,0.0,0.0,-1.7673,-1.3341,0.9,2.3902,-0.4208,0,0,1,0.206,0.071,0.929,0,0,0.0,3,MOUNTAIN_APPROACH_CORRIDOR,-0.7766,-0.6206,10.4888,7.9177
447,46.73,6.3368,-2.8307,31.3754,-0.7645,-0.6155,-0.3582,8.411,13.122,33.824,-4.1366,-10.7361,0.2,0.0,0.0,0.0,-1.7668,-1.3336,0.948,2.408,-0.4307,0,0,1,0.226,0.09,0.91,0,0,0.0,3,MOUNTAIN_APPROACH_CORRIDOR,-0.7645,-0.6155,10.4735,7.9054
448,46.853,6.3217,-2.843,31.3683,-0.7593,-0.6124,-0.3535,8.403,13.103,33.81,-4.1366,-10.7361,0.2,0.0,0.0,0.0,-1.7663,-1.3331,0.996,2.4267,-0.41,0,0,1,0.239,0.092,0.908,0,0,0.0,3,MOUNTAIN_APPROACH_CORRIDOR,-0.7593,-0.6124,10.4583,7.8931
449,46.978,6.3065,-2.8552,31.3613,-0.7578,-0.6126,-0.3498,8.394,13.083,33.796,-4.1366,-10.7361,0.2,0.0,0.0,0.0,-1.7658,-1.3326,1.044,2.4462,-0.4264,0,0,1,0.255,0.098,0.902,0,0,0.0,3,MOUNTAIN_APPROACH_CORRIDOR,-0.7578,-0.6126,10.4431,7.8809
450,47.101,6.2912,-2.8675,31.3544,-0.7635,-0.6143,-0.3465,8.385,13.063,33.782,-4.1366,-10.7361,0.2,0.0,0.0,0.0,-1.7654,-1.3321,1.092,2.4665,-0.3813,0,0,1,0.26,0.106,0.894,0,0,0.0,3,MOUNTAIN_APPROACH_CORRIDOR,-0.7635,-0.6143,10.4278,7.8686
451,47.226,6.2758,-2.8799,31.3475,-0.7731,-0.619,-0.3442,8.377,13.044,33.768,-4.1366,-10.7361,0.2,0.0,0.0,0.0,-1.7649,-1.3316,1.14,2.4875,-0.413,0,0,1,0.273,0.109,0.891,0,0,0.0,3,MOUNTAIN_APPROACH_CORRIDOR,-0.7731,-0.619,10.4124,7.8562
452,47.35,6.2601,-2.8924,31.3406,-0.7851,-0.6233,-0.3428,8.368,13.024,33.754,-4.1366,-10.7361,0.2,0.0,0.0,0.0,-1.7644,-1.3311,1.188,2.5092,-0.3884,0,0,1,0.274,0.113,0.887,0,0,0.0,3,MOUNTAIN_APPROACH_CORRIDOR,-0.7851,-0.6233,10.3967,7.8437
453,47.473,6.244,-2.905,31.3338,-0.8009,-0.6301,-0.3421,8.359,13.003,33.74,-4.1366,-10.7361,0.2,0.0,0.0,0.0,-1.7639,-1.3306,1.236,2.5317,-0.4222,0,0,1,0.28,0.112,0.888,0,0,0.0,3,MOUNTAIN_APPROACH_CORRIDOR,-0.8009,-0.6301,10.3807,7.8311
454,47.596,6.2277,-2.9177,31.3269,-0.8186,-0.6373,-0.3418,8.351,12.983,33.726,-4.1366,-10.7361,0.2,0.0,0.0,0.0,-1.7633,-1.3302,1.284,2.5549,-0.3882,0,0,1,0.279,0.106,0.894,0,0,0.0,3,MOUNTAIN_APPROACH_CORRIDOR,-0.8186,-0.6373,10.3643,7.8184
455,47.719,6.2109,-2.9307,31.3201,-0.8376,-0.6475,-0.3429,8.342,12.961,33.711,-4.1366,-10.7361,0.2,0.0,0.0,0.0,-1.7628,-1.3297,1.332,2.5787,-0.4281,0,0,1,0.286,0.11,0.89,0,0,0.0,3,MOUNTAIN_APPROACH_CORRIDOR,-0.8376,-0.6475,10.3475,7.8054
456,47.843,6.1938,-2.9438,31.3132,-0.8563,-0.6573,-0.3432,8.333,12.94,33.697,-4.1366,-10.7361,0.2,0.0,0.0,0.0,-1.7622,-1.3292,1.38,2.6032,-0.3901,0,0,1,0.286,0.113,0.887,0,0,0.0,3,MOUNTAIN_APPROACH_CORRIDOR,-0.8563,-0.6573,10.3304,7.7923
457,47.967,6.1763,-2.9572,31.3063,-0.8762,-0.6698,-0.3442,8.325,12.918,33.682,-4.1366,-10.7361,0.2,0.0,0.0,0.0,-1.7616,-1.3288,1.428,2.6283,-0.4178,0,0,1,0.291,0.112,0.888,0,0,0.0,3,MOUNTAIN_APPROACH_CORRIDOR,-0.8762,-0.6698,10.3129,7.7789
458,48.089,6.1584,-2.9708,31.2994,-0.8956,-0.6817,-0.3451,8.316,12.895,33.667,-4.1366,-10.7361,0.2,0.0,0.0,0.0,-1.761,-1.3283,1.476,2.6541,-0.3796,0,0,1,0.288,0.111,0.889,0,0,0.0,3,MOUNTAIN_APPROACH_CORRIDOR,-0.8956,-0.6817,10.295,7.7653
459,48.211,6.14,-2.9847,31.2925,-0.9163,-0.6952,-0.3465,8.307,12.872,33.652,-4.1366,-10.7361,0.2,0.0,0.0,0.0,-1.7604,-1.3278,1.524,2.6804,-0.4038,0,0,1,0.288,0.109,0.891,0,0,0.0,3,MOUNTAIN_APPROACH_CORRIDOR,-0.9163,-0.6952,10.2767,7.7513
460,48.334,6.1213,-2.9989,31.2855,-0.9367,-0.7072,-0.3476,8.298,12.849,33.636,-4.1366,-10.7361,0.2,0.0,0.0,0.0,-1.7597,-1.3273,1.572,2.7073,-0.3844,0,0,1,0.286,0.109,0.891,0,0,0.0,3,MOUNTAIN_APPROACH_CORRIDOR,-0.9367,-0.7072,10.2579,7.7372
461,48.457,6.1022,-3.0133,31.2786,-0.9551,-0.7197,-0.3484,8.289,12.825,33.621,-4.1366,-10.7361,0.2,0.0,0.0,0.0,-1.7591,-1.3268,1.62,2.7348,-0.4039,0,0,1,0.285,0.107,0.893,0,0,0.0,3,MOUNTAIN_APPROACH_CORRIDOR,-0.9551,-0.7197,10.2388,7.7228
462,48.588,6.0827,-3.0279,31.2716,-0.9735,-0.7308,-0.3491,8.28,12.8,33.605,-4.1366,-10.7361,0.2,0.0,0.0,0.0,-1.7584,-1.3263,1.668,2.7628,-0.3889,0,0,1,0.284,0.108,0.892,0,0,0.0,3,MOUNTAIN_APPROACH_CORRIDOR,-0.9735,-0.7308,10.2193,7.7082
463,48.712,6.0629,-3.0427,31.2646,-0.9887,-0.7422,-0.3496,8.271,12.776,33.589,-4.1366,-10.7361,0.2,0.0,0.0,0.0,-1.7577,-1.3258,1.7,2.7816,-0.395,0,0,1,0.28,0.112,0.888,0,0,0.0,3,MOUNTAIN_APPROACH_CORRIDOR,-0.9887,-0.7422,10.1996,7.6933
464,48.836,6.0429,-3.0578,31.2576,-1.0037,-0.7526,-0.3497,8.262,12.751,33.573,-4.1366,-10.7361,0.2,0.0,0.0,0.0,-1.757,-1.3253,1.7,2.7809,-0.3796,0,0,1,0.276,0.108,0.892,0,0,0.0,3,MOUNTAIN_APPROACH_CORRIDOR,-1.0037,-0.7526,10.1795,7.6783
465,48.957,6.0226,-3.073,31.2506,-1.0156,-0.7624,-0.3497,8.253,12.725,33.557,-4.1366,-10.7361,0.2,0.0,0.0,0.0,-1.7563,-1.3248,1.7,2.7802,-0.3999,0,0,1,0.272,0.103,0.897,0,0,0.0,3,MOUNTAIN_APPROACH_CORRIDOR,-1.0156,-0.7624,10.1592,7.663
466,49.079,6.002,-3.0884,31.2436,-1.0273,-0.7702,-0.3495,8.243,12.7,33.541,-4.1366,-10.7361,0.2,0.0,0.0,0.0,-1.7556,-1.3243,1.7,2.7795,-0.3843,0,0,1,0.268,0.101,0.899,0,0,0.0,3,MOUNTAIN_APPROACH_CORRIDOR,-1.0273,-0.7702,10.1386,7.6476
467,49.199,5.9813,-3.104,31.2366,-1.0356,-0.7776,-0.3491,8.234,12.674,33.525,-4.1366,-10.7361,0.2,0.0,0.0,0.0,-1.7549,-1.3237,1.7,2.7788,-0.4051,0,0,1,0.265,0.097,0.903,0,0,0.0,3,MOUNTAIN_APPROACH_CORRIDOR,-1.0356,-0.7776,10.1179,7.6321
468,49.321,5.9604,-3.1197,31.2297,-1.0435,-0.7833,-0.3487,8.225,12.648,33.508,-4.1366,-10.7361,0.2,0.0,0.0,0.0,-1.7542,-1.3232,1.7,2.7781,-0.3893,0,0,1,0.261,0.095,0.905,0,0,0.0,3,MOUNTAIN_APPROACH_CORRIDOR,-1.0435,-0.7833,10.0971,7.6164
469,49.441,5.9395,-3.1354,31.2227,-1.0476,-0.7888,-0.3488,8.216,12.621,33.492,-4.1366,-10.7361,0.2,0.0,0.0,0.0,-1.7534,-1.3227,1.7,2.7774,-0.3963,0,0,1,0.257,0.095,0.905,0,0,0.0,3,MOUNTAIN_APPROACH_CORRIDOR,-1.0476,-0.7888,10.0761,7.6006
470,49.561,5.9185,-3.1513,31.2157,-1.051,-0.7928,-0.348,8.207,12.595,33.476,-4.1366,-10.7361,0.2,0.0,0.0,0.0,-1.7527,-1.3221,1.7,2.7767,-0.3772,0,0,1,0.252,0.098,0.902,0,0,0.0,3,MOUNTAIN_APPROACH_CORRIDOR,-1.051,-0.7928,10.0551,7.5848
471,49.681,5.8975,-3.1672,31.2088,-1.0507,-0.7959,-0.3474,8.198,12.569,33.459,-4.1366,-10.7361,0.2,0.0,0.0,0.0,-1.752,-1.3216,1.7,2.776,-0.4029,0,0,1,0.25,0.1,0.9,0,0,0.0,3,MOUNTAIN_APPROACH_CORRIDOR,-1.0507,-0.7959,10.0341,7.5689
472,49.801,5.8765,-3.1831,31.2018,-1.0498,-0.7967,-0.3467,8.189,12.542,33.443,-4.1366,-10.7361,0.2,0.0,0.0,0.0,-1.7513,-1.321,1.7,2.7753,-0.3827,0,0,1,0.249,0.103,0.897,0,0,0.0,3,MOUNTAIN_APPROACH_CORRIDOR,-1.0498,-0.7967,10.0131,7.5529
473,49.921,5.8555,-3.1991,31.1949,-1.0467,-0.7973,-0.3463,8.179,12.516,33.427,-4.1366,-10.7361,0.2,0.0,0.0,0.0,-1.7506,-1.3204,1.7,2.7745,-0.4034,0,0,1,0.25,0.106,0.894,0,0,0.0,3,MOUNTAIN_APPROACH_CORRIDOR,-1.0467,-0.7973,9.9921,7.537
474,50.04,5.8346,-3.215,31.188,-1.0442,-0.7965,-0.3459,8.17,12.49,33.41,-4.1366,-10.7361,0.2,0.0,0.0,0.0,-1.7499,-1.3199,1.7,2.7738,-0.3829,0,0,1,0.252,0.093,0.907,0,0,0.0,3,MOUNTAIN_APPROACH_CORRIDOR,-1.0442,-0.7965,9.9713,7.5211
475,50.161,5.8139,-3.2309,31.1811,-1.0391,-0.7957,-0.3457,8.161,12.464,33.394,-4.1366,-10.7361,0.2,0.0,0.0,0.0,-1.7492,-1.3193,1.7,2.7731,-0.4044,0,0,1,0.253,0.098,0.902,0,0,0.0,3,MOUNTAIN_APPROACH_CORRIDOR,-1.0391,-0.7957,9.9505,7.5052
476,50.282,5.7932,-3.2468,31.1742,-1.0343,-0.7936,-0.3455,8.152,12.437,33.378,-4.1366,-10.7361,0.2,0.0,0.0,0.0,-1.7485,-1.3187,1.7,2.7724,-0.3833,0,0,1,0.255,0.096,0.904,0,0,0.0,3,MOUNTAIN_APPROACH_CORRIDOR,-1.0343,-0.7936,9.9298,7.4893
477,50.406,5.7726,-3.2626,31.1673,-1.0267,-0.7919,-0.3457,8.143,12.412,33.362,-4.1366,-10.7361,0.2,0.0,0.0,0.0,-1.7478,-1.3182,1.7,2.7717,-0.4041,0,0,1,0.257,0.097,0.903,0,0,0.0,3,MOUNTAIN_APPROACH_CORRIDOR,-1.0267,-0.7919,9.9093,7.4734
478,50.528,5.7523,-3.2784,31.1604,-1.0189,-0.7892,-0.3458,8.134,12.386,33.346,-4.1366,-10.7361,0.2,0.0,0.0,0.0,-1.7471,-1.3176,1.7,2.771,-0.3644,0,0,1,0.255,0.096,0.904,0,0,0.0,3,MOUNTAIN_APPROACH_CORRIDOR,-1.0189,-0.7892,9.8889,7.4577
479,50.648,5.732,-3.2942,31.1534,-1.0114,-0.787,-0.3457,8.125,12.36,33.33,-4.1366,-10.7361,0.2,0.0,0.0,0.0,-1.7465,-1.317,1.7,2.7703,-0.402,0,0,1,0.257,0.096,0.904,0,0,0.0,3,MOUNTAIN_APPROACH_CORRIDOR,-1.0114,-0.787,9.8686,7.4419
480,50.771,5.712,-3.3098,31.1465,-1.0034,-0.7824,-0.3457,8.115,12.335,33.314,-4.1366,-10.7361,0.2,0.0,0.0,0.0,-1.7458,-1.3164,1.7,2.7696,-0.3574,0,0,1,0.254,0.094,0.906,0,0,0.0,3,MOUNTAIN_APPROACH_CORRIDOR,-1.0034,-0.7824,9.8486,7.4263
481,50.891,5.692,-3.3254,31.1396,-0.9965,-0.7783,-0.3457,8.106,12.309,33.298,-4.1366,-10.7361,0.2,0.0,0.0,0.0,-1.7452,-1.3158,1.7,2.7689,-0.3946,0,0,1,0.255,0.092,0.908,0,0,0.0,3,MOUNTAIN_APPROACH_CORRIDOR,-0.9965,-0.7783,9.8287,7.4107
482,51.012,5.6723,-3.3408,31.1327,-0.9889,-0.7715,-0.3468,8.097,12.284,33.283,-4.1366,-10.7361,0.2,0.0,0.0,0.0,-1.7445,-1.3153,1.7,2.7683,-0.4006,0,0,1,0.256,0.091,0.909,0,0,0.0,3,MOUNTAIN_APPROACH_CORRIDOR,-0.9889,-0.7715,9.8089,7.3953
483,51.133,5.6526,-3.3561,31.1257,-0.9822,-0.7647,-0.3467,8.088,12.259,33.267,-4.1366,-10.7361,0.2,0.0,0.0,0.0,-1.7439,-1.3147,1.7,2.7676,-0.3897,0,0,1,0.26,0.09,0.91,0,0,0.0,3,MOUNTAIN_APPROACH_CORRIDOR,-0.9822,-0.7647,9.7892,7.38
484,51.255,5.6331,-3.3713,31.1188,-0.9758,-0.7584,-0.3464,8.079,12.235,33.251,-4.1366,-10.7361,0.2,0.0,0.0,0.0,-1.7432,-1.3141,1.7,2.7669,-0.4131,0,0,1,0.264,0.095,0.905,0,0,0.0,3,MOUNTAIN_APPROACH_CORRIDOR,-0.9758,-0.7584,9.7697,7.3648
485,51.376,5.6137,-3.3863,31.1119,-0.9719,-0.752,-0.3462,8.07,12.21,33.236,-4.1366,-10.7361,0.2,0.0,0.0,0.0,-1.7426,-1.3136,1.7,2.7662,-0.392,0,0,1,0.268,0.101,0.899,0,0,0.0,3,MOUNTAIN_APPROACH_CORRIDOR,-0.9719,-0.752,9.7503,7.3498
486,51.496,5.5943,-3.4013,31.105,-0.9672,-0.7471,-0.3461,8.061,12.186,33.221,-4.1366,-10.7361,0.2,0.0,0.0,0.0,-1.742,-1.313,1.7,2.7656,-0.4154,0,0,1,0.272,0.102,0.898,0,0,0.0,3,MOUNTAIN_APPROACH_CORRIDOR,-0.9672,-0.7471,9.7309,7.3348
487,51.617,5.575,-3.4161,31.098,-0.9645,-0.7423,-0.346,8.052,12.161,33.205,-4.1366,-10.7361,0.2,0.0,0.0,0.0,-1.7413,-1.3125,1.7,2.7649,-0.3946,0,0,1,0.277,0.109,0.891,0,0,0.0,3,MOUNTAIN_APPROACH_CORRIDOR,-0.9645,-0.7423,9.7116,7.32
488,51.74,5.5558,-3.4309,31.0911,-0.9607,-0.7393,-0.3459,8.043,12.137,33.19,-4.1366,-10.7361,0.2,0.0,0.0,0.0,-1.7407,-1.3119,1.7,2.7643,-0.4074,0,0,1,0.279,0.111,0.889,0,0,0.0,3,MOUNTAIN_APPROACH_CORRIDOR,-0.9607,-0.7393,9.6924,7.3052
489,51.861,5.5366,-3.4456,31.0842,-0.9587,-0.7366,-0.3458,8.034,12.113,33.175,-4.1366,-10.7361,0.2,0.0,0.0,0.0,-1.74,-1.3114,1.7,2.7636,-0.3868,0,0,1,0.282,0.115,0.885,0,0,0.0,3,MOUNTAIN_APPROACH_CORRIDOR,-0.9587,-0.7366,9.6733,7.2905
490,51.984,5.5175,-3.4603,31.0773,-0.9555,-0.7351,-0.3457,8.025,12.089,33.159,-4.1366,-10.7361,0.2,0.0,0.0,0.0,-1.7394,-1.3109,1.7,2.763,-0.4102,0,0,1,0.285,0.119,0.881,0,0,0.0,3,MOUNTAIN_APPROACH_CORRIDOR,-0.9555,-0.7351,9.6541,7.2758
491,52.106,5.4984,-3.475,31.0704,-0.9541,-0.7334,-0.3457,8.016,12.065,33.144,-4.1366,-10.7361,0.2,0.0,0.0,0.0,-1.7388,-1.3104,1.7,2.7623,-0.3898,0,0,1,0.288,0.123,0.877,0,0,0.0,3,MOUNTAIN_APPROACH_CORRIDOR,-0.9541,-0.7334,9.6351,7.2611
492,52.229,5.4794,-3.4897,31.0635,-0.9511,-0.733,-0.3458,8.007,12.041,33.129,-4.1366,-10.7361,0.2,0.0,0.0,0.0,-1.7381,-1.3098,1.7,2.7617,-0.4083,0,0,1,0.292,0.126,0.874,0,0,0.0,3,MOUNTAIN_APPROACH_CORRIDOR,-0.9511,-0.733,9.616,7.2464
493,52.351,5.4604,-3.5043,31.0566,-0.9496,-0.7326,-0.3457,7.998,12.017,33.114,-4.1366,-10.7361,0.2,0.0,0.0,0.0,-1.7375,-1.3093,1.7,2.761,-0.3879,0,0,1,0.295,0.129,0.871,0,0,0.0,3,MOUNTAIN_APPROACH_CORRIDOR,-0.9496,-0.7326,9.597,7.2318
494,52.475,5.4415,-3.519,31.0496,-0.9474,-0.7334,-0.3456,7.989,11.993,33.099,-4.1366,-10.7361,0.2,0.0,0.0,0.0,-1.7369,-1.3087,1.7,2.7604,-0.4115,0,0,1,0.299,0.132,0.868,0,0,0.0,3,MOUNTAIN_APPROACH_CORRIDOR,-0.9474,-0.7334,9.5781,7.2171
495,52.597,5.4225,-3.5336,31.0427,-0.9475,-0.734,-0.3455,7.98,11.969,33.084,-4.1366,-10.7361,0.2,0.0,0.0,0.0,-1.7363,-1.3082,1.7,2.7597,-0.3916,0,0,1,0.302,0.114,0.886,0,0,0.0,3,MOUNTAIN_APPROACH_CORRIDOR,-0.9475,-0.734,9.5591,7.2024
496,52.718,5.4036,-3.5484,31.0358,-0.9465,-0.7361,-0.3456,7.971,11.945,33.069,-4.1366,-10.7361,0.2,0.0,0.0,0.0,-1.7356,-1.3076,1.7,2.7591,-0.3976,0,0,1,0.302,0.125,0.875,0,0,0.0,3,MOUNTAIN_APPROACH_CORRIDOR,-0.9465,-0.7361,9.5402,7.1877
497,52.84,5.3846,-3.5631,31.0289,-0.9475,-0.7382,-0.3455,7.962,11.921,33.053,-4.1366,-10.7361,0.2,0.0,0.0,0.0,-1.735,-1.3071,1.7,2.7584,-0.378,0,0,1,0.302,0.125,0.875,0,0,0.0,3,MOUNTAIN_APPROACH_CORRIDOR,-0.9475,-0.7382,9.5213,7.1729
498,52.965,5.3657,-3.5779,31.022,-0.9477,-0.7406,-0.3455,7.953,11.897,33.038,-4.1366,-10.7361,0.2,0.0,0.0,0.0,-1.7344,-1.3065,1.7,2.7578,-0.4012,0,0,1,0.303,0.132,0.868,0,0,0.0,3,MOUNTAIN_APPROACH_CORRIDOR,-0.9477,-0.7406,9.5023,7.1581
499,53.13,5.3467,-3.5928,31.0151,-0.95,-0.7418,-0.3454,7.944,11.873,33.023,-4.1366,-10.7361,0.2,0.0,0.0,0.0,-1.7338,-1.306,1.7,2.7571,-0.3821,0,0,1,0.303,0.124,0.876,0,0,0.0,3,MOUNTAIN_APPROACH_CORRIDOR,-0.95,-0.7418,9.4833,7.1433
500,53.345,5.3277,-3.6077,31.0082,-0.9511,-0.7436,-0.3454,7.935,11.849,33.008,-4.1366,-10.7361,0.2,0.0,0.0,0.0,-1.7332,-1.3054,1.7,2.7564,-0.4052,0,0,1,0.304,0.132,0.868,0,0,0.0,3,MOUNTAIN_APPROACH_CORRIDOR,-0.9511,-0.7436,9.4643,7.1284
501,53.603,5.3086,-3.6225,31.0013,-0.9541,-0.7445,-0.3454,7.926,11.824,32.993,-4.1366,-10.7361,0.2,0.0,0.0,0.0,-1.7326,-1.3049,1.7,2.7558,-0.3864,0,0,1,0.305,0.125,0.875,0,0,0.0,3,MOUNTAIN_APPROACH_CORRIDOR,-0.9541,-0.7445,9.4452,7.1135
502,53.907,5.2895,-3.6375,30.9944,-0.9555,-0.7462,-0.3454,7.917,11.8,32.978,-4.1366,-10.7361,0.2,0.0,0.0,0.0,-1.7319,-1.3043,1.7,2.7551,-0.4094,0,0,1,0.307,0.134,0.866,0,0,0.0,3,MOUNTAIN_APPROACH_CORRIDOR,-0.9555,-0.7462,9.4261,7.0986
503,54.044,5.2703,-3.6524,30.9875,-0.9583,-0.7473,-0.3455,7.908,11.776,32.963,-4.1366,-10.7361,0.2,0.0,0.0,0.0,-1.7313,-1.3037,1.7,2.7545,-0.391,0,0,1,0.308,0.12,0.88,0,0,0.0,3,MOUNTAIN_APPROACH_CORRIDOR,-0.9583,-0.7473,9.4069,7.0837
504,54.184,5.2511,-3.6674,30.9805,-0.9594,-0.7494,-0.3456,7.899,11.751,32.948,-4.1366,-10.7361,0.2,0.0,0.0,0.0,-1.7307,-1.3032,1.7,2.7538,-0.3993,0,0,1,0.307,0.133,0.867,0,0,0.0,3,MOUNTAIN_APPROACH_CORRIDOR,-0.9594,-0.7494,9.3877,7.0687
505,54.327,5.2319,-3.6824,30.9736,-0.9615,-0.751,-0.3456,7.89,11.727,32.932,-4.1366,-10.7361,0.2,0.0,0.0,0.0,-1.7301,-1.3026,1.7,2.7532,-0.381,0,0,1,0.305,0.131,0.869,0,0,0.0,3,MOUNTAIN_APPROACH_CORRIDOR,-0.9615,-0.751,9.3685,7.0537
506,54.464,5.2127,-3.6975,30.9667,-0.9619,-0.7528,-0.3456,7.881,11.703,32.917,-4.1366,-10.7361,0.2,0.0,0.0,0.0,-1.7295,-1.302,1.7,2.7525,-0.4053,0,0,1,0.305,0.129,0.871,0,0,0.0,3,MOUNTAIN_APPROACH_CORRIDOR,-0.9619,-0.7528,9.3493,7.0386
507,54.617,5.1934,-3.7125,30.9598,-0.9635,-0.7532,-0.3456,7.872,11.678,32.902,-4.1366,-10.7361,0.2,0.0,0.0,0.0,-1.7288,-1.3014,1.7,2.7518,-0.3872,0,0,1,0.305,0.128,0.872,0,0,0.0,3,MOUNTAIN_APPROACH_CORRIDOR,-0.9635,-0.7532,9.33,7.0235
508,54.762,5.1741,-3.7276,30.9529,-0.9636,-0.754,-0.3455,7.863,11.654,32.887,-4.1366,-10.7361,0.2,0.0,0.0,0.0,-1.7282,-1.3009,1.7,2.7512,-0.4101,0,0,1,0.305,0.126,0.874,0,0,0.0,3,MOUNTAIN_APPROACH_CORRIDOR,-0.9636,-0.754,9.3107,7.0085
509,54.9,5.1548,-3.7427,30.946,-0.9649,-0.7538,-0.3455,7.854,11.629,32.872,-4.1366,-10.7361,0.2,0.0,0.0,0.0,-1.7276,-1.3003,1.7,2.7505,-0.3924,0,0,1,0.306,0.126,0.874,0,0,0.0,3,MOUNTAIN_APPROACH_CORRIDOR,-0.9649,-0.7538,9.2914,6.9934
510,55.04,5.1355,-3.7578,30.9391,-0.9642,-0.7542,-0.3459,7.845,11.605,32.857,-4.1366,-10.7361,0.2,0.0,0.0,0.0,-1.727,-1.2997,1.7,2.7499,-0.4181,0,0,1,0.308,0.129,0.871,0,0,0.0,3,MOUNTAIN_APPROACH_CORRIDOR,-0.9642,-0.7542,9.2722,6.9783
511,55.167,5.1162,-3.7729,30.9322,-0.9644,-0.7539,-0.3458,7.836,11.58,32.842,-4.1366,-10.7361,0.2,0.0,0.0,0.0,-1.7263,-1.2992,1.7,2.7492,-0.3993,0,0,1,0.311,0.133,0.867,0,0,0.0,3,MOUNTAIN_APPROACH_CORRIDOR,-0.9644,-0.7539,9.2529,6.9632
512,55.289,5.097,-3.788,30.9252,-0.9636,-0.7547,-0.3463,7.827,11.556,32.826,-4.1366,-10.7361,0.2,0.0,0.0,0.0,-1.7257,-1.2986,1.7,2.7485,-0.407,0,0,1,0.313,0.128,0.872,0,0,0.0,3,MOUNTAIN_APPROACH_CORRIDOR,-0.9636,-0.7547,9.2336,6.9481
513,55.411,5.0777,-3.8031,30.9183,-0.9645,-0.7554,-0.346,7.818,11.531,32.811,-4.1366,-10.7361,0.2,0.0,0.0,0.0,-1.7251,-1.298,1.7,2.7479,-0.3861,0,0,1,0.316,0.119,0.881,0,0,0.0,3,MOUNTAIN_APPROACH_CORRIDOR,-0.9645,-0.7554,9.2143,6.933
514,55.535,5.0584,-3.8182,30.9114,-0.9645,-0.7564,-0.3458,7.809,11.507,32.796,-4.1366,-10.7361,0.2,0.0,0.0,0.0,-1.7245,-1.2974,1.7,2.7472,-0.4063,0,0,1,0.318,0.117,0.883,0,0,0.0,3,MOUNTAIN_APPROACH_CORRIDOR,-0.9645,-0.7564,9.195,6.9179
515,55.657,5.0391,-3.8333,30.9045,-0.9663,-0.7565,-0.3457,7.8,11.482,32.781,-4.1366,-10.7361,0.2,0.0,0.0,0.0,-1.7239,-1.2968,1.7,2.7465,-0.3852,0,0,1,0.322,0.124,0.876,0,0,0.0,3,MOUNTAIN_APPROACH_CORRIDOR,-0.9663,-0.7565,9.1757,6.9028
516,55.781,5.0197,-3.8485,30.8976,-0.9667,-0.7572,-0.3456,7.791,11.458,32.766,-4.1366,-10.7361,0.2,0.0,0.0,0.0,-1.7232,-1.2963,1.7,2.7459,-0.4059,0,0,1,0.325,0.118,0.882,0,0,0.0,3,MOUNTAIN_APPROACH_CORRIDOR,-0.9667,-0.7572,9.1564,6.8876
517,55.903,5.0004,-3.8636,30.8907,-0.9687,-0.7572,-0.3456,7.782,11.433,32.751,-4.1366,-10.7361,0.2,0.0,0.0,0.0,-1.7226,-1.2957,1.7,2.7452,-0.3847,0,0,1,0.328,0.125,0.875,0,0,0.0,3,MOUNTAIN_APPROACH_CORRIDOR,-0.9687,-0.7572,9.137,6.8725
518,56.022,4.981,-3.8788,30.8837,-0.969,-0.758,-0.3456,7.773,11.408,32.736,-4.1366,-10.7361,0.2,0.0,0.0,0.0,-1.722,-1.2951,1.7,2.7446,-0.3974,0,0,1,0.33,0.129,0.871,0,0,0.0,3,MOUNTAIN_APPROACH_CORRIDOR,-0.969,-0.758,9.1176,6.8573
519,56.143,4.9616,-3.8939,30.8768,-0.9704,-0.7584,-0.3463,7.764,11.384,32.721,-4.1366,-10.7361,0.2,0.0,0.0,0.0,-1.7214,-1.2945,1.7,2.7439,-0.3791,0,0,1,0.328,0.121,0.879,0,0,0.0,3,MOUNTAIN_APPROACH_CORRIDOR,-0.9704,-0.7584,9.0982,6.8422
520,56.265,4.9422,-3.9091,30.8699,-0.9702,-0.7592,-0.346,7.755,11.359,32.706,-4.1366,-10.7361,0.2,0.0,0.0,0.0,-1.7208,-1.294,1.7,2.7432,-0.4061,0,0,1,0.325,0.117,0.883,0,0,0.0,3,MOUNTAIN_APPROACH_CORRIDOR,-0.9702,-0.7592,9.0788,6.827
521,56.389,4.9227,-3.9243,30.863,-0.9712,-0.7589,-0.3458,7.746,11.335,32.691,-4.1366,-10.7361,0.2,0.0,0.0,0.0,-1.7201,-1.2934,1.7,2.7426,-0.3909,0,0,1,0.323,0.115,0.885,0,0,0.0,3,MOUNTAIN_APPROACH_CORRIDOR,-0.9712,-0.7589,9.0594,6.8118
522,56.515,4.9033,-3.9395,30.8561,-0.9703,-0.7591,-0.3459,7.735,11.31,32.676,-4.1366,-10.7361,0.2,0.0,0.0,0.0,-1.7195,-1.2928,1.7,2.7419,-0.4089,0,0,1,0.328,0.115,0.885,0,0,0.0,3,MOUNTAIN_APPROACH_CORRIDOR,-0.9703,-0.7591,9.04,6.7966
523,56.641,4.8839,-3.9546,30.8491,-0.9705,-0.7584,-0.3463,7.724,11.285,32.661,-4.1366,-10.7361,0.2,0.0,0.0,0.0,-1.7189,-1.2922,1.7,2.7412,-0.387,0,0,1,0.331,0.122,0.878,0,0,0.0,3,MOUNTAIN_APPROACH_CORRIDOR,-0.9705,-0.7584,9.0205,6.7814
524,56.763,4.8645,-3.9698,30.8422,-0.9692,-0.7585,-0.346,7.713,11.261,32.646,-4.1366,-10.7361,0.2,0.0,0.0,0.0,-1.7183,-1.2916,1.7,2.7406,-0.4079,0,0,1,0.334,0.127,0.873,0,0,0.0,3,MOUNTAIN_APPROACH_CORRIDOR,-0.9692,-0.7585,9.0012,6.7663
525,56.886,4.8452,-3.985,30.8353,-0.9696,-0.7579,-0.3458,7.702,11.236,32.631,-4.1366,-10.7361,0.2,0.0,0.0,0.0,-1.7176,-1.2911,1.7,2.7399,-0.3866,0,0,1,0.338,0.135,0.865,0,0,0.0,3,MOUNTAIN_APPROACH_CORRIDOR,-0.9696,-0.7579,8.9818,6.7511
526,57.015,4.8258,-4.0001,30.8284,-0.9683,-0.7583,-0.3458,7.691,11.211,32.616,-4.1366,-10.7361,0.2,0.0,0.0,0.0,-1.717,-1.2905,1.7,2.7392,-0.3986,0,0,1,0.34,0.139,0.861,0,0,0.0,3,MOUNTAIN_APPROACH_CORRIDOR,-0.9683,-0.7583,8.9624,6.7359
527,57.146,4.8064,-4.0153,30.8215,-0.9683,-0.7581,-0.3464,7.68,11.187,32.601,-4.1366,-10.7361,0.2,0.0,0.0,0.0,-1.7164,-1.2899,1.7,2.7386,-0.3796,0,0,1,0.338,0.133,0.867,0,0,0.0,3,MOUNTAIN_APPROACH_CORRIDOR,-0.9683,-0.7581,8.943,6.7208
528,57.267,4.7871,-4.0305,30.8145,-0.9665,-0.7584,-0.3461,7.669,11.162,32.586,-4.1366,-10.7361,0.2,0.0,0.0,0.0,-1.7158,-1.2893,1.7,2.7379,-0.4054,0,0,1,0.337,0.128,0.872,0,0,0.0,3,MOUNTAIN_APPROACH_CORRIDOR,-0.9665,-0.7584,8.9237,6.7056
529,57.39,4.7678,-4.0456,30.8076,-0.9662,-0.7576,-0.3459,7.658,11.138,32.571,-4.1366,-10.7361,0.2,0.0,0.0,0.0,-1.7152,-1.2887,1.7,2.7373,-0.3883,0,0,1,0.336,0.124,0.876,0,0,0.0,3,MOUNTAIN_APPROACH_CORRIDOR,-0.9662,-0.7576,8.9044,6.6905
530,57.509,4.7485,-4.0608,30.8007,-0.964,-0.7573,-0.3462,7.647,11.113,32.556,-4.1366,-10.7361,0.2,0.0,0.0,0.0,-1.7146,-1.2881,1.7,2.7366,-0.4162,0,0,1,0.338,0.123,0.877,0,0,0.0,3,MOUNTAIN_APPROACH_CORRIDOR,-0.964,-0.7573,8.8851,6.6753
531,57.629,4.7292,-4.0759,30.7938,-0.963,-0.7562,-0.346,7.636,11.089,32.541,-4.1366,-10.7361,0.2,0.0,0.0,0.0,-1.7139,-1.2875,1.7,2.7359,-0.3981,0,0,1,0.339,0.124,0.876,0,0,0.0,3,MOUNTAIN_APPROACH_CORRIDOR,-0.963,-0.7562,8.8658,6.6602
532,57.75,4.71,-4.091,30.7868,-0.9611,-0.7563,-0.3465,7.625,11.064,32.527,-4.1366,-10.7361,0.2,0.0,0.0,0.0,-1.7133,-1.287,1.7,2.7353,-0.4119,0,0,1,0.343,0.131,0.869,0,0,0.0,3,MOUNTAIN_APPROACH_CORRIDOR,-0.9611,-0.7563,8.8466,6.6451
533,57.871,4.6908,-4.1061,30.7799,-0.9614,-0.7561,-0.3461,7.614,11.04,32.512,-4.1366,-10.7361,0.2,0.0,0.0,0.0,-1.7127,-1.2864,1.7,2.7346,-0.3897,0,0,1,0.348,0.141,0.859,0,0,0.0,3,MOUNTAIN_APPROACH_CORRIDOR,-0.9614,-0.7561,8.8274,6.6299
534,57.992,4.6716,-4.1213,30.773,-0.9609,-0.7568,-0.3459,7.603,11.015,32.497,-4.1366,-10.7361,0.2,0.0,0.0,0.0,-1.7121,-1.2858,1.7,2.734,-0.4093,0,0,1,0.353,0.151,0.849,0,0,0.0,3,MOUNTAIN_APPROACH_CORRIDOR,-0.9609,-0.7568,8.8082,6.6148
535,58.113,4.6523,-4.1364,30.7661,-0.9624,-0.757,-0.346,7.592,10.991,32.482,-4.1366,-10.7361,0.2,0.0,0.0,0.0,-1.7115,-1.2852,1.7,2.7333,-0.3873,0,0,1,0.357,0.14,0.86,0,0,0.0,3,MOUNTAIN_APPROACH_CORRIDOR,-0.9624,-0.757,8.7889,6.5997
536,58.258,4.6331,-4.1516,30.7592,-0.9628,-0.7584,-0.3459,7.581,10.966,32.467,-4.1366,-10.7361,0.2,0.0,0.0,0.0,-1.7109,-1.2846,1.7,2.7326,-0.3916,0,0,1,0.358,0.136,0.864,0,0,0.0,3,MOUNTAIN_APPROACH_CORRIDOR,-0.9628,-0.7584,8.7697,6.5845
537,58.389,4.6138,-4.1668,30.7523,-0.9649,-0.7595,-0.3458,7.57,10.942,32.453,-4.1366,-10.7361,0.2,0.0,0.0,0.0,-1.7103,-1.284,1.7,2.732,-0.375,0,0,1,0.352,0.141,0.859,0,0,0.0,3,MOUNTAIN_APPROACH_CORRIDOR,-0.9649,-0.7595,8.7504,6.5693
538,58.518,4.5944,-4.182,30.7453,-0.966,-0.7606,-0.3461,7.559,10.917,32.438,-4.1366,-10.7361,0.2,0.0,0.0,0.0,-1.7097,-1.2834,1.7,2.7313,-0.3961,0,0,1,0.351,0.137,0.863,0,0,0.0,3,MOUNTAIN_APPROACH_CORRIDOR,-0.966,-0.7606,8.7311,6.5541
539,58.637,4.575,-4.1972,30.7384,-0.9695,-0.7601,-0.346,7.548,10.893,32.423,-4.1366,-10.7361,0.2,0.0,0.0,0.0,-1.7091,-1.2828,1.7,2.7307,-0.3897,0,0,1,0.353,0.14,0.86,0,0,0.0,3,MOUNTAIN_APPROACH_CORRIDOR,-0.9695,-0.7601,8.7117,6.5389
540,58.765,4.5556,-4.2124,30.7315,-0.9722,-0.7594,-0.3458,7.537,10.868,32.408,-4.1366,-10.7361,0.2,0.0,0.0,0.0,-1.7084,-1.2822,1.7,2.73,-0.4116,0,0,1,0.355,0.142,0.858,0,0,0.0,3,MOUNTAIN_APPROACH_CORRIDOR,-0.9722,-0.7594,8.6922,6.5237
541,58.907,4.5361,-4.2275,30.7246,-0.9769,-0.7581,-0.3458,7.526,10.843,32.393,-4.1366,-10.7361,0.2,0.0,0.0,0.0,-1.7078,-1.2817,1.7,2.7293,-0.3929,0,0,1,0.358,0.146,0.854,0,0,0.0,3,MOUNTAIN_APPROACH_CORRIDOR,-0.9769,-0.7581,8.6727,6.5086
542,59.044,4.5165,-4.2427,30.7177,-0.9803,-0.758,-0.3458,7.515,10.818,32.379,-4.1366,-10.7361,0.2,0.0,0.0,0.0,-1.7072,-1.2811,1.7,2.7287,-0.4148,0,0,1,0.36,0.149,0.851,0,0,0.0,3,MOUNTAIN_APPROACH_CORRIDOR,-0.9803,-0.758,8.6531,6.4934
543,59.171,4.4967,-4.2578,30.7107,-0.9853,-0.7576,-0.3458,7.504,10.794,32.364,-4.1366,-10.7361,0.2,0.0,0.0,0.0,-1.7065,-1.2805,1.7,2.728,-0.3963,0,0,1,0.363,0.147,0.853,0,0,0.0,3,MOUNTAIN_APPROACH_CORRIDOR,-0.9853,-0.7576,8.6334,6.4782
544,59.297,4.477,-4.273,30.7038,-0.9886,-0.7585,-0.346,7.493,10.769,32.349,-4.1366,-10.7361,0.2,0.0,0.0,0.0,-1.7059,-1.28,1.7,2.7273,-0.3979,0,0,1,0.362,0.151,0.849,0,0,0.0,3,MOUNTAIN_APPROACH_CORRIDOR,-0.9886,-0.7585,8.6136,6.4631
545,59.415,4.4571,-4.2882,30.6969,-0.9932,-0.7594,-0.346,7.482,10.744,32.334,-4.1366,-10.7361,0.2,0.0,0.0,0.0,-1.7052,-1.2794,1.7,2.7267,-0.3797,0,0,1,0.362,0.143,0.857,0,0,0.0,3,MOUNTAIN_APPROACH_CORRIDOR,-0.9932,-0.7594,8.5937,6.4479
546,59.538,4.4372,-4.3034,30.69,-0.9965,-0.7602,-0.346,7.471,10.719,32.319,-4.1366,-10.7361,0.2,0.0,0.0,0.0,-1.7045,-1.2789,1.7,2.726,-0.4017,0,0,1,0.362,0.148,0.852,0,0,0.0,3,MOUNTAIN_APPROACH_CORRIDOR,-0.9965,-0.7602,8.5738,6.4327
547,59.657,4.4172,-4.3186,30.6831,-1.0013,-0.7595,-0.346,7.46,10.694,32.304,-4.1366,-10.7361,0.2,0.0,0.0,0.0,-1.7039,-1.2783,1.7,2.7253,-0.3835,0,0,1,0.362,0.148,0.852,0,0,0.0,3,MOUNTAIN_APPROACH_CORRIDOR,-1.0013,-0.7595,8.5538,6.4175
548,59.778,4.3971,-4.3338,30.6761,-1.0044,-0.7591,-0.3459,7.448,10.668,32.289,-4.1366,-10.7361,0.2,0.0,0.0,0.0,-1.7032,-1.2778,1.7,2.7246,-0.4055,0,0,1,0.363,0.147,0.853,0,0,0.0,3,MOUNTAIN_APPROACH_CORRIDOR,-1.0044,-0.7591,8.5337,6.4023
549,59.899,4.3769,-4.3489,30.6692,-1.0088,-0.7574,-0.3459,7.437,10.643,32.275,-4.1366,-10.7361,0.2,0.0,0.0,0.0,-1.7025,-1.2773,1.7,2.7239,-0.3875,0,0,1,0.363,0.148,0.852,0,0,0.0,3,MOUNTAIN_APPROACH_CORRIDOR,-1.0088,-0.7574,8.5135,6.3872
550,60.027,4.3567,-4.364,30.6623,-1.0111,-0.7561,-0.3459,7.426,10.618,32.26,-4.1366,-10.7361,0.2,0.0,0.0,0.0,-1.7018,-1.2768,1.7,2.7233,-0.4097,0,0,1,0.364,0.148,0.852,0,0,0.0,3,MOUNTAIN_APPROACH_CORRIDOR,-1.0111,-0.7561,8.4933,6.372
551,60.15,4.3364,-4.3791,30.6554,-1.0143,-0.7539,-0.3459,7.415,10.593,32.245,-4.1366,-10.7361,0.2,0.0,0.0,0.0,-1.7011,-1.2763,1.7,2.7226,-0.3917,0,0,1,0.365,0.15,0.85,0,0,0.0,3,MOUNTAIN_APPROACH_CORRIDOR,-1.0143,-0.7539,8.473,6.357
552,60.269,4.3161,-4.3942,30.6485,-1.0151,-0.7523,-0.3458,7.404,10.567,32.23,-4.1366,-10.7361,0.2,0.0,0.0,0.0,-1.7004,-1.2758,1.7,2.7219,-0.4141,0,0,1,0.366,0.139,0.861,0,0,0.0,3,MOUNTAIN_APPROACH_CORRIDOR,-1.0151,-0.7523,8.4527,6.3419
553,60.39,4.2958,-4.4092,30.6416,-1.0165,-0.75,-0.3457,7.393,10.542,32.215,-4.1366,-10.7361,0.2,0.0,0.0,0.0,-1.6997,-1.2753,1.7,2.7212,-0.3962,0,0,1,0.368,0.142,0.858,0,0,0.0,3,MOUNTAIN_APPROACH_CORRIDOR,-1.0165,-0.75,8.4324,6.3269
554,60.511,4.2754,-4.4241,30.6346,-1.0152,-0.7486,-0.3463,7.382,10.517,32.2,-4.1366,-10.7361,0.2,0.0,0.0,0.0,-1.6989,-1.2748,1.7,2.7206,-0.4179,0,0,1,0.372,0.147,0.853,0,0,0.0,3,MOUNTAIN_APPROACH_CORRIDOR,-1.0152,-0.7486,8.4121,6.3119
555,60.633,4.2552,-4.4391,30.6277,-1.0141,-0.7467,-0.346,7.371,10.492,32.186,-4.1366,-10.7361,0.2,0.0,0.0,0.0,-1.6982,-1.2743,1.7,2.7199,-0.3971,0,0,1,0.376,0.137,0.863,0,0,0.0,3,MOUNTAIN_APPROACH_CORRIDOR,-1.0141,-0.7467,8.3918,6.297
556,60.757,4.235,-4.454,30.6208,-1.0107,-0.746,-0.3459,7.36,10.467,32.171,-4.1366,-10.7361,0.2,0.0,0.0,0.0,-1.6975,-1.2738,1.7,2.7192,-0.4066,0,0,1,0.378,0.136,0.864,0,0,0.0,3,MOUNTAIN_APPROACH_CORRIDOR,-1.0107,-0.746,8.3716,6.2821
557,60.882,4.2148,-4.4689,30.6139,-1.0078,-0.7452,-0.3457,7.349,10.441,32.156,-4.1366,-10.7361,0.2,0.0,0.0,0.0,-1.6968,-1.2733,1.7,2.7185,-0.3852,0,0,1,0.378,0.142,0.858,0,0,0.0,3,MOUNTAIN_APPROACH_CORRIDOR,-1.0078,-0.7452,8.3514,6.2672
558,61.006,4.1947,-4.4838,30.607,-1.0026,-0.745,-0.3459,7.338,10.416,32.142,-4.1366,-10.7361,0.2,0.0,0.0,0.0,-1.6961,-1.2728,1.7,2.7179,-0.4137,0,0,1,0.382,0.147,0.853,0,0,0.0,3,MOUNTAIN_APPROACH_CORRIDOR,-1.0026,-0.745,8.3314,6.2523
559,61.128,4.1748,-4.4987,30.6001,-0.9981,-0.744,-0.3459,7.327,10.392,32.127,-4.1366,-10.7361,0.2,0.0,0.0,0.0,-1.6954,-1.2723,1.7,2.7172,-0.3879,0,0,1,0.384,0.153,0.847,0,0,0.0,3,MOUNTAIN_APPROACH_CORRIDOR,-0.9981,-0.744,8.3114,6.2374
560,61.248,4.1549,-4.5136,30.5931,-0.993,-0.7443,-0.3458,7.316,10.367,32.112,-4.1366,-10.7361,0.2,0.0,0.0,0.0,-1.6947,-1.2718,1.7,2.7165,-0.41,0,0,1,0.387,0.16,0.84,0,0,0.0,3,MOUNTAIN_APPROACH_CORRIDOR,-0.993,-0.7443,8.2915,6.2225
561,61.367,4.1351,-4.5285,30.5862,-0.9895,-0.7443,-0.3457,7.305,10.342,32.098,-4.1366,-10.7361,0.2,0.0,0.0,0.0,-1.694,-1.2713,1.7,2.7159,-0.3881,0,0,1,0.391,0.161,0.839,0,0,0.0,3,MOUNTAIN_APPROACH_CORRIDOR,-0.9895,-0.7443,8.2718,6.2076
562,61.487,4.1154,-4.5434,30.5793,-0.9844,-0.7455,-0.3459,7.295,10.317,32.083,-4.1366,-10.7361,0.2,0.0,0.0,0.0,-1.6934,-1.2708,1.7,2.7152,-0.3905,0,0,1,0.392,0.161,0.839,0,0,0.0,3,MOUNTAIN_APPROACH_CORRIDOR,-0.9844,-0.7455,8.2521,6.1927
563,61.606,4.0958,-4.5583,30.5724,-0.9806,-0.7467,-0.3459,7.284,10.293,32.069,-4.1366,-10.7361,0.2,0.0,0.0,0.0,-1.6927,-1.2702,1.7,2.7145,-0.3753,0,0,1,0.387,0.15,0.85,0,0,0.0,3,MOUNTAIN_APPROACH_CORRIDOR,-0.9806,-0.7467,8.2325,6.1778
564,61.726,4.0763,-4.5733,30.5655,-0.9755,-0.7477,-0.3461,7.273,10.268,32.055,-4.1366,-10.7361,0.2,0.0,0.0,0.0,-1.6921,-1.2697,1.7,2.7139,-0.3945,0,0,1,0.387,0.148,0.852,0,0,0.0,3,MOUNTAIN_APPROACH_CORRIDOR,-0.9755,-0.7477,8.2129,6.1628
565,61.846,4.0569,-4.5882,30.5585,-0.9723,-0.747,-0.3464,7.262,10.244,32.04,-4.1366,-10.7361,0.2,0.0,0.0,0.0,-1.6914,-1.2691,1.7,2.7132,-0.3895,0,0,1,0.388,0.15,0.85,0,0,0.0,3,MOUNTAIN_APPROACH_CORRIDOR,-0.9723,-0.747,8.1935,6.1479
566,61.967,4.0375,-4.6031,30.5516,-0.968,-0.7459,-0.3461,7.251,10.219,32.026,-4.1366,-10.7361,0.2,0.0,0.0,0.0,-1.6908,-1.2686,1.7,2.7126,-0.4133,0,0,1,0.39,0.15,0.85,0,0,0.0,3,MOUNTAIN_APPROACH_CORRIDOR,-0.968,-0.7459,8.1741,6.133
567,62.086,4.0182,-4.618,30.5447,-0.9654,-0.7443,-0.346,7.24,10.195,32.011,-4.1366,-10.7361,0.2,0.0,0.0,0.0,-1.6902,-1.268,1.7,2.7119,-0.3943,0,0,1,0.391,0.152,0.848,0,0,0.0,3,MOUNTAIN_APPROACH_CORRIDOR,-0.9654,-0.7443,8.1548,6.1181
568,62.206,3.999,-4.6329,30.5378,-0.9611,-0.7438,-0.3461,7.229,10.17,31.997,-4.1366,-10.7361,0.2,0.0,0.0,0.0,-1.6895,-1.2675,1.7,2.7113,-0.417,0,0,1,0.394,0.152,0.848,0,0,0.0,3,MOUNTAIN_APPROACH_CORRIDOR,-0.9611,-0.7438,8.1356,6.1032
569,62.328,3.9798,-4.6477,30.5309,-0.958,-0.7429,-0.3459,7.218,10.146,31.983,-4.1366,-10.7361,0.2,0.0,0.0,0.0,-1.6889,-1.2669,1.7,2.7106,-0.3981,0,0,1,0.396,0.153,0.847,0,0,0.0,3,MOUNTAIN_APPROACH_CORRIDOR,-0.958,-0.7429,8.1165,6.0884
570,62.45,3.9607,-4.6626,30.5239,-0.9547,-0.7433,-0.3464,7.207,10.122,31.969,-4.1366,-10.7361,0.2,0.0,0.0,0.0,-1.6883,-1.2663,1.7,2.71,-0.4176,0,0,1,0.4,0.16,0.84,0,0,0.0,3,MOUNTAIN_APPROACH_CORRIDOR,-0.9547,-0.7433,8.0974,6.0735
571,62.569,3.9417,-4.6775,30.517,-0.9542,-0.7435,-0.346,7.196,10.098,31.954,-4.1366,-10.7361,0.2,0.0,0.0,0.0,-1.6877,-1.2658,1.7,2.7093,-0.3961,0,0,1,0.403,0.167,0.833,0,0,0.0,3,MOUNTAIN_APPROACH_CORRIDOR,-0.9542,-0.7435,8.0783,6.0586
572,62.688,3.9226,-4.6924,30.5101,-0.9532,-0.7451,-0.3459,7.185,10.074,31.94,-4.1366,-10.7361,0.2,0.0,0.0,0.0,-1.6871,-1.2652,1.7,2.7087,-0.4069,0,0,1,0.405,0.165,0.835,0,0,0.0,3,MOUNTAIN_APPROACH_CORRIDOR,-0.9532,-0.7451,8.0592,6.0437
573,62.81,3.9035,-4.7073,30.5032,-0.9547,-0.7466,-0.3457,7.174,10.049,31.926,-4.1366,-10.7361,0.2,0.0,0.0,0.0,-1.6865,-1.2646,1.7,2.708,-0.3853,0,0,1,0.407,0.17,0.83,0,0,0.0,3,MOUNTAIN_APPROACH_CORRIDOR,-0.9547,-0.7466,8.0401,6.0288
574,62.932,3.8844,-4.7223,30.4963,-0.9558,-0.7489,-0.3456,7.163,10.025,31.912,-4.1366,-10.7361,0.2,0.0,0.0,0.0,-1.6859,-1.264,1.7,2.7074,-0.4061,0,0,1,0.41,0.158,0.842,0,0,0.0,3,MOUNTAIN_APPROACH_CORRIDOR,-0.9558,-0.7489,8.021,6.0138
575,63.055,3.8652,-4.7373,30.4893,-0.9593,-0.7506,-0.3457,7.152,10.001,31.898,-4.1366,-10.7361,0.2,0.0,0.0,0.0,-1.6853,-1.2634,1.7,2.7067,-0.385,0,0,1,0.412,0.15,0.85,0,0,0.0,3,MOUNTAIN_APPROACH_CORRIDOR,-0.9593,-0.7506,8.0018,5.9988
576,63.177,3.846,-4.7524,30.4824,-0.9619,-0.7533,-0.3457,7.141,9.976,31.883,-4.1366,-10.7361,0.2,0.0,0.0,0.0,-1.6847,-1.2628,1.7,2.7061,-0.4016,0,0,1,0.415,0.153,0.847,0,0,0.0,3,MOUNTAIN_APPROACH_CORRIDOR,-0.9619,-0.7533,7.9826,5.9837
577,63.301,3.8266,-4.7675,30.4755,-0.9665,-0.7555,-0.3464,7.13,9.952,31.869,-4.1366,-10.7361,0.2,0.0,0.0,0.0,-1.6841,-1.2622,1.7,2.7054,-0.3807,0,0,1,0.415,0.152,0.848,0,0,0.0,3,MOUNTAIN_APPROACH_CORRIDOR,-0.9665,-0.7555,7.9632,5.9686
578,63.422,3.8072,-4.7826,30.4686,-0.9702,-0.7585,-0.3462,7.119,9.927,31.855,-4.1366,-10.7361,0.2,0.0,0.0,0.0,-1.6834,-1.2616,1.7,2.7048,-0.4048,0,0,1,0.415,0.155,0.845,0,0,0.0,3,MOUNTAIN_APPROACH_CORRIDOR,-0.9702,-0.7585,7.9438,5.9534
579,63.545,3.7877,-4.7979,30.4617,-0.9755,-0.7608,-0.3461,7.108,9.902,31.841,-4.1366,-10.7361,0.2,0.0,0.0,0.0,-1.6828,-1.2611,1.7,2.7041,-0.3873,0,0,1,0.417,0.154,0.846,0,0,0.0,3,MOUNTAIN_APPROACH_CORRIDOR,-0.9755,-0.7608,7.9243,5.9382
580,63.666,3.7681,-4.8131,30.4547,-0.9791,-0.764,-0.3462,7.097,9.878,31.826,-4.1366,-10.7361,0.2,0.0,0.0,0.0,-1.6822,-1.2605,1.7,2.7034,-0.3957,0,0,1,0.416,0.169,0.831,0,0,0.0,3,MOUNTAIN_APPROACH_CORRIDOR,-0.9791,-0.764,7.9048,5.9229
581,63.789,3.7484,-4.8285,30.4478,-0.984,-0.7666,-0.3462,7.086,9.853,31.812,-4.1366,-10.7361,0.2,0.0,0.0,0.0,-1.6816,-1.2599,1.7,2.7028,-0.3786,0,0,1,0.416,0.17,0.83,0,0,0.0,3,MOUNTAIN_APPROACH_CORRIDOR,-0.984,-0.7666,7.8851,5.9076
582,63.925,3.7287,-4.8438,30.4409,-0.9875,-0.7692,-0.3461,7.075,9.828,31.798,-4.1366,-10.7361,0.2,0.0,0.0,0.0,-1.681,-1.2593,1.7,2.7021,-0.4021,0,0,1,0.415,0.172,0.828,0,0,0.0,3,MOUNTAIN_APPROACH_CORRIDOR,-0.9875,-0.7692,7.8653,5.8922
583,64.049,3.7089,-4.8593,30.434,-0.9924,-0.7702,-0.3461,7.064,9.802,31.783,-4.1366,-10.7361,0.2,0.0,0.0,0.0,-1.6803,-1.2587,1.7,2.7014,-0.3856,0,0,1,0.415,0.169,0.831,0,0,0.0,3,MOUNTAIN_APPROACH_CORRIDOR,-0.9924,-0.7702,7.8455,5.8768
584,64.17,3.6889,-4.8747,30.427,-0.9955,-0.7713,-0.346,7.053,9.777,31.769,-4.1366,-10.7361,0.2,0.0,0.0,0.0,-1.6797,-1.2581,1.7,2.7008,-0.4088,0,0,1,0.415,0.165,0.835,0,0,0.0,3,MOUNTAIN_APPROACH_CORRIDOR,-0.9955,-0.7713,7.8256,5.8614
585,64.305,3.6689,-4.8901,30.4201,-0.9997,-0.7711,-0.346,7.042,9.752,31.755,-4.1366,-10.7361,0.2,0.0,0.0,0.0,-1.679,-1.2575,1.7,2.7001,-0.3927,0,0,1,0.415,0.162,0.838,0,0,0.0,3,MOUNTAIN_APPROACH_CORRIDOR,-0.9997,-0.7711,7.8056,5.846
586,64.435,3.6489,-4.9055,30.4132,-1.0017,-0.7712,-0.3466,7.031,9.727,31.74,-4.1366,-10.7361,0.2,0.0,0.0,0.0,-1.6784,-1.2569,1.7,2.6994,-0.4096,0,0,1,0.416,0.17,0.83,0,0,0.0,3,MOUNTAIN_APPROACH_CORRIDOR,-1.0017,-0.7712,7.7855,5.8306
587,64.556,3.6288,-4.9209,30.4063,-1.0046,-0.7703,-0.3462,7.02,9.701,31.726,-4.1366,-10.7361,0.2,0.0,0.0,0.0,-1.6777,-1.2564,1.7,2.6987,-0.3881,0,0,1,0.417,0.167,0.833,0,0,0.0,3,MOUNTAIN_APPROACH_CORRIDOR,-1.0046,-0.7703,7.7654,5.8152
588,64.675,3.6087,-4.9363,30.3994,-1.0051,-0.7698,-0.346,7.009,9.676,31.712,-4.1366,-10.7361,0.2,0.0,0.0,0.0,-1.6771,-1.2558,1.7,2.6981,-0.4068,0,0,1,0.421,0.166,0.834,0,0,0.0,3,MOUNTAIN_APPROACH_CORRIDOR,-1.0051,-0.7698,7.7453,5.7998
589,64.795,3.5886,-4.9517,30.3924,-1.0064,-0.7684,-0.3463,6.998,9.651,31.697,-4.1366,-10.7361,0.2,0.0,0.0,0.0,-1.6764,-1.2552,1.7,2.6974,-0.3854,0,0,1,0.424,0.157,0.843,0,0,0.0,3,MOUNTAIN_APPROACH_CORRIDOR,-1.0064,-0.7684,7.7252,5.7844
590,64.915,3.5685,-4.967,30.3855,-1.0049,-0.7677,-0.3461,6.987,9.626,31.683,-4.1366,-10.7361,0.2,0.0,0.0,0.0,-1.6757,-1.2547,1.7,2.6967,-0.4031,0,0,1,0.427,0.164,0.836,0,0,0.0,3,MOUNTAIN_APPROACH_CORRIDOR,-1.0049,-0.7677,7.7051,5.769
591,65.04,3.5484,-4.9824,30.3786,-1.0039,-0.7663,-0.346,6.975,9.6,31.669,-4.1366,-10.7361,0.2,0.0,0.0,0.0,-1.6751,-1.2541,1.7,2.696,-0.382,0,0,1,0.428,0.164,0.836,0,0,0.0,3,MOUNTAIN_APPROACH_CORRIDOR,-1.0039,-0.7663,7.685,5.7537
592,65.162,3.5284,-4.9977,30.3717,-1.0007,-0.7655,-0.3458,6.964,9.575,31.655,-4.1366,-10.7361,0.2,0.0,0.0,0.0,-1.6744,-1.2535,1.7,2.6954,-0.4044,0,0,1,0.43,0.168,0.832,0,0,0.0,3,MOUNTAIN_APPROACH_CORRIDOR,-1.0007,-0.7655,7.665,5.7384
593,65.283,3.5084,-5.013,30.3648,-0.9984,-0.7639,-0.3457,6.953,9.55,31.64,-4.1366,-10.7361,0.2,0.0,0.0,0.0,-1.6737,-1.253,1.7,2.6947,-0.383,0,0,1,0.431,0.172,0.828,0,0,0.0,3,MOUNTAIN_APPROACH_CORRIDOR,-0.9984,-0.7639,7.6451,5.7231
594,65.403,3.4886,-5.0282,30.3578,-0.9936,-0.7633,-0.346,6.942,9.525,31.626,-4.1366,-10.7361,0.2,0.0,0.0,0.0,-1.6731,-1.2524,1.7,2.694,-0.3961,0,0,1,0.433,0.173,0.827,0,0,0.0,3,MOUNTAIN_APPROACH_CORRIDOR,-0.9936,-0.7633,7.6252,5.7079
595,65.526,3.4688,-5.0435,30.3509,-0.9893,-0.762,-0.3467,6.931,9.5,31.612,-4.1366,-10.7361,0.2,0.0,0.0,0.0,-1.6725,-1.2518,1.7,2.6934,-0.3712,0,0,1,0.431,0.164,0.836,0,0,0.0,3,MOUNTAIN_APPROACH_CORRIDOR,-0.9893,-0.762,7.6054,5.6926
596,65.65,3.4491,-5.0587,30.344,-0.9851,-0.7612,-0.3464,6.92,9.475,31.598,-4.1366,-10.7361,0.2,0.0,0.0,0.0,-1.6718,-1.2512,1.7,2.6927,-0.4011,0,0,1,0.429,0.167,0.833,0,0,0.0,3,MOUNTAIN_APPROACH_CORRIDOR,-0.9851,-0.7612,7.5857,5.6774
597,65.769,3.4294,-5.0739,30.3371,-0.9823,-0.7585,-0.3461,6.909,9.45,31.584,-4.1366,-10.7361,0.2,0.0,0.0,0.0,-1.6712,-1.2507,1.7,2.692,-0.385,0,0,1,0.426,0.164,0.836,0,0,0.0,3,MOUNTAIN_APPROACH_CORRIDOR,-0.9823,-0.7585,7.566,5.6622
598,65.889,3.4099,-5.089,30.3301,-0.9784,-0.756,-0.3466,6.898,9.425,31.57,-4.1366,-10.7361,0.2,0.0,0.0,0.0,-1.6706,-1.2501,1.7,2.6914,-0.4057,0,0,1,0.427,0.164,0.836,0,0,0.0,3,MOUNTAIN_APPROACH_CORRIDOR,-0.9784,-0.756,7.5465,5.6471
599,66.008,3.3903,-5.104,30.3232,-0.9764,-0.7521,-0.3462,6.887,9.401,31.556,-4.1366,-10.7361,0.2,0.0,0.0,0.0,-1.6699,-1.2495,1.7,2.6907,-0.3859,0,0,1,0.428,0.165,0.835,0,0,0.0,3,MOUNTAIN_APPROACH_CORRIDOR,-0.9764,-0.7521,7.527,5.6321
600,66.128,3.3709,-5.119,30.3163,-0.973,-0.7485,-0.346,6.876,9.376,31.542,-4.1366,-10.7361,0.2,0.0,0.0,0.0,-1.6693,-1.249,1.7,2.6901,-0.4085,0,0,1,0.429,0.166,0.834,0,0,0.0,3,MOUNTAIN_APPROACH_CORRIDOR,-0.973,-0.7485,7.5075,5.6171
601,66.247,3.3514,-5.1339,30.3094,-0.9714,-0.7436,-0.3459,6.865,9.352,31.528,-4.1366,-10.7361,0.2,0.0,0.0,0.0,-1.6687,-1.2484,1.7,2.6894,-0.3889,0,0,1,0.43,0.167,0.833,0,0,0.0,3,MOUNTAIN_APPROACH_CORRIDOR,-0.9714,-0.7436,7.4881,5.6022
602,66.367,3.3321,-5.1487,30.3024,-0.9683,-0.7393,-0.346,6.854,9.327,31.514,-4.1366,-10.7361,0.2,0.0,0.0,0.0,-1.668,-1.2479,1.7,2.6888,-0.4154,0,0,1,0.432,0.169,0.831,0,0,0.0,3,MOUNTAIN_APPROACH_CORRIDOR,-0.9683,-0.7393,7.4687,5.5874
603,66.486,3.3127,-5.1633,30.2955,-0.9666,-0.734,-0.3459,6.843,9.303,31.501,-4.1366,-10.7361,0.2,0.0,0.0,0.0,-1.6674,-1.2473,1.7,2.6881,-0.3958,0,0,1,0.434,0.161,0.839,0,0,0.0,3,MOUNTAIN_APPROACH_CORRIDOR,-0.9666,-0.734,7.4494,5.5728
604,66.606,3.2935,-5.1779,30.2886,-0.9643,-0.7298,-0.3458,6.833,9.279,31.487,-4.1366,-10.7361,0.2,0.0,0.0,0.0,-1.6667,-1.2468,1.7,2.6875,-0.4182,0,0,1,0.437,0.169,0.831,0,0,0.0,3,MOUNTAIN_APPROACH_CORRIDOR,-0.9643,-0.7298,7.4301,5.5582
605,66.725,3.2742,-5.1924,30.2817,-0.9644,-0.7252,-0.3457,6.822,9.255,31.473,-4.1366,-10.7361,0.2,0.0,0.0,0.0,-1.6661,-1.2463,1.7,2.6868,-0.399,0,0,1,0.439,0.158,0.842,0,0,0.0,3,MOUNTAIN_APPROACH_CORRIDOR,-0.9644,-0.7252,7.4108,5.5437
606,66.844,3.2549,-5.2069,30.2748,-0.9636,-0.722,-0.3459,6.811,9.231,31.459,-4.1366,-10.7361,0.2,0.0,0.0,0.0,-1.6654,-1.2458,1.7,2.6862,-0.4202,0,0,1,0.443,0.163,0.837,0,0,0.0,3,MOUNTAIN_APPROACH_CORRIDOR,-0.9636,-0.722,7.3915,5.5292
607,66.964,3.2356,-5.2212,30.2679,-0.9648,-0.7186,-0.3457,6.8,9.207,31.446,-4.1366,-10.7361,0.2,0.0,0.0,0.0,-1.6647,-1.2453,1.7,2.6855,-0.4006,0,0,1,0.446,0.169,0.831,0,0,0.0,3,MOUNTAIN_APPROACH_CORRIDOR,-0.9648,-0.7186,7.3722,5.5148
608,67.084,3.2163,-5.2356,30.2609,-0.9648,-0.7168,-0.3456,6.789,9.183,31.432,-4.1366,-10.7361,0.2,0.0,0.0,0.0,-1.6641,-1.2448,1.7,2.6849,-0.4221,0,0,1,0.45,0.178,0.822,0,0,0.0,3,MOUNTAIN_APPROACH_CORRIDOR,-0.9648,-0.7168,7.3529,5.5005
609,67.213,3.197,-5.2499,30.254,-0.9665,-0.7151,-0.3455,6.778,9.159,31.419,-4.1366,-10.7361,0.2,0.0,0.0,0.0,-1.6634,-1.2444,1.7,2.6843,-0.4026,0,0,1,0.453,0.185,0.815,0,0,0.0,3,MOUNTAIN_APPROACH_CORRIDOR,-0.9665,-0.7151,7.3336,5.4862
610,67.347,3.1776,-5.2642,30.2471,-0.9666,-0.7151,-0.3456,6.768,9.135,31.405,-4.1366,-10.7361,0.2,0.0,0.0,0.0,-1.6627,-1.2439,1.7,2.6836,-0.4169,0,0,1,0.455,0.19,0.81,0,0,0.0,3,MOUNTAIN_APPROACH_CORRIDOR,-0.9666,-0.7151,7.3143,5.4719
611,67.472,3.1583,-5.2785,30.2402,-0.9681,-0.7154,-0.3455,6.757,9.11,31.391,-4.1366,-10.7361,0.2,0.0,0.0,0.0,-1.662,-1.2434,1.7,2.683,-0.3971,0,0,1,0.457,0.195,0.805,0,0,0.0,3,MOUNTAIN_APPROACH_CORRIDOR,-0.9681,-0.7154,7.2949,5.4576
612,67.591,3.1389,-5.2928,30.2333,-0.9679,-0.7172,-0.3455,6.746,9.086,31.378,-4.1366,-10.7361,0.2,0.0,0.0,0.0,-1.6613,-1.2429,1.7,2.6823,-0.4161,0,0,1,0.46,0.188,0.812,0,0,0.0,3,MOUNTAIN_APPROACH_CORRIDOR,-0.9679,-0.7172,7.2755,5.4432
613,67.709,3.1195,-5.3072,30.2264,-0.969,-0.7189,-0.3455,6.735,9.062,31.364,-4.1366,-10.7361,0.2,0.0,0.0,0.0,-1.6607,-1.2425,1.7,2.6817,-0.3962,0,0,1,0.462,0.193,0.807,0,0,0.0,3,MOUNTAIN_APPROACH_CORRIDOR,-0.969,-0.7189,7.2562,5.4289
614,67.827,3.1002,-5.3217,30.2195,-0.9681,-0.7221,-0.3456,6.724,9.038,31.351,-4.1366,-10.7361,0.2,0.0,0.0,0.0,-1.66,-1.242,1.7,2.6811,-0.3995,0,0,1,0.463,0.193,0.807,0,0,0.0,3,MOUNTAIN_APPROACH_CORRIDOR,-0.9681,-0.7221,7.2368,5.4144
615,67.951,3.0808,-5.3362,30.2126,-0.9683,-0.7252,-0.3456,6.713,9.014,31.337,-4.1366,-10.7361,0.2,0.0,0.0,0.0,-1.6593,-1.2415,1.7,2.6804,-0.3795,0,0,1,0.463,0.194,0.806,0,0,0.0,3,MOUNTAIN_APPROACH_CORRIDOR,-0.9683,-0.7252,7.2174,5.3999
616,68.079,3.0615,-5.3507,30.2057,-0.9671,-0.7284,-0.3456,6.703,8.99,31.323,-4.1366,-10.7361,0.2,0.0,0.0,0.0,-1.6587,-1.241,1.7,2.6798,-0.4019,0,0,1,0.464,0.194,0.806,0,0,0.0,3,MOUNTAIN_APPROACH_CORRIDOR,-0.9671,-0.7284,7.1981,5.3854
617,68.205,3.0421,-5.3653,30.1987,-0.9675,-0.7303,-0.3455,6.692,8.965,31.31,-4.1366,-10.7361,0.2,0.0,0.0,0.0,-1.658,-1.2404,1.7,2.6791,-0.382,0,0,1,0.464,0.195,0.805,0,0,0.0,3,MOUNTAIN_APPROACH_CORRIDOR,-0.9675,-0.7303,7.1787,5.3707
618,68.328,3.0228,-5.38,30.1918,-0.9661,-0.7326,-0.3456,6.681,8.941,31.296,-4.1366,-10.7361,0.2,0.0,0.0,0.0,-1.6574,-1.2399,1.7,2.6785,-0.4081,0,0,1,0.466,0.192,0.808,0,0,0.0,3,MOUNTAIN_APPROACH_CORRIDOR,-0.9661,-0.7326,7.1594,5.3561
619,68.455,3.0035,-5.3947,30.1849,-0.966,-0.7338,-0.3456,6.67,8.917,31.283,-4.1366,-10.7361,0.2,0.0,0.0,0.0,-1.6567,-1.2394,1.7,2.6778,-0.3881,0,0,1,0.467,0.199,0.801,0,0,0.0,3,MOUNTAIN_APPROACH_CORRIDOR,-0.966,-0.7338,7.1401,5.3414
620,68.588,2.9842,-5.4094,30.178,-0.9649,-0.7359,-0.3455,6.659,8.893,31.269,-4.1366,-10.7361,0.2,0.0,0.0,0.0,-1.6561,-1.2388,1.7,2.6772,-0.4109,0,0,1,0.469,0.197,0.803,0,0,0.0,3,MOUNTAIN_APPROACH_CORRIDOR,-0.9649,-0.7359,7.1208,5.3267
621,68.712,2.9649,-5.4241,30.1711,-0.9658,-0.7375,-0.3455,6.648,8.868,31.256,-4.1366,-10.7361,0.2,0.0,0.0,0.0,-1.6555,-1.2383,1.7,2.6766,-0.3912,0,0,1,0.471,0.19,0.81,0,0,0.0,3,MOUNTAIN_APPROACH_CORRIDOR,-0.9658,-0.7375,7.1015,5.312
622,68.839,2.9456,-5.4389,30.1642,-0.9654,-0.7402,-0.3456,6.637,8.844,31.242,-4.1366,-10.7361,0.2,0.0,0.0,0.0,-1.6548,-1.2377,1.7,2.6759,-0.4043,0,0,1,0.472,0.195,0.805,0,0,0.0,3,MOUNTAIN_APPROACH_CORRIDOR,-0.9654,-0.7402,7.0822,5.2971
623,68.962,2.9262,-5.4538,30.1573,-0.9667,-0.7425,-0.3456,6.626,8.82,31.229,-4.1366,-10.7361,0.2,0.0,0.0,0.0,-1.6542,-1.2372,1.7,2.6753,-0.3848,0,0,1,0.473,0.191,0.809,0,0,0.0,3,MOUNTAIN_APPROACH_CORRIDOR,-0.9667,-0.7425,7.0628,5.2823
624,69.086,2.9069,-5.4687,30.1504,-0.9666,-0.7455,-0.3456,6.615,8.795,31.215,-4.1366,-10.7361,0.2,0.0,0.0,0.0,-1.6536,-1.2366,1.7,2.6746,-0.4076,0,0,1,0.474,0.193,0.807,0,0,0.0,3,MOUNTAIN_APPROACH_CORRIDOR,-0.9666,-0.7455,7.0435,5.2674
625,69.208,2.8875,-5.4836,30.1435,-0.9682,-0.7476,-0.3456,6.604,8.771,31.202,-4.1366,-10.7361,0.2,0.0,0.0,0.0,-1.653,-1.236,1.7,2.674,-0.3884,0,0,1,0.475,0.19,0.81,0,0,0.0,3,MOUNTAIN_APPROACH_CORRIDOR,-0.9682,-0.7476,7.0241,5.2524
626,69.326,2.8682,-5.4987,30.1365,-0.9681,-0.7505,-0.3457,6.593,8.746,31.188,-4.1366,-10.7361,0.2,0.0,0.0,0.0,-1.6524,-1.2355,1.7,2.6733,-0.4007,0,0,1,0.476,0.194,0.806,0,0,0.0,3,MOUNTAIN_APPROACH_CORRIDOR,-0.9681,-0.7505,7.0048,5.2374
627,69.444,2.8488,-5.5137,30.1296,-0.9693,-0.7529,-0.3457,6.582,8.722,31.175,-4.1366,-10.7361,0.2,0.0,0.0,0.0,-1.6517,-1.2349,1.7,2.6727,-0.3816,0,0,1,0.476,0.194,0.806,0,0,0.0,3,MOUNTAIN_APPROACH_CORRIDOR,-0.9693,-0.7529,6.9854,5.2224
628,69.567,2.8294,-5.5288,30.1227,-0.9688,-0.7554,-0.3457,6.571,8.697,31.161,-4.1366,-10.7361,0.2,0.0,0.0,0.0,-1.6511,-1.2343,1.7,2.672,-0.4045,0,0,1,0.477,0.199,0.801,0,0,0.0,3,MOUNTAIN_APPROACH_CORRIDOR,-0.9688,-0.7554,6.966,5.2073
629,69.703,2.81,-5.544,30.1158,-0.9695,-0.7567,-0.3457,6.56,8.673,31.148,-4.1366,-10.7361,0.2,0.0,0.0,0.0,-1.6505,-1.2337,1.7,2.6714,-0.3856,0,0,1,0.477,0.194,0.806,0,0,0.0,3,MOUNTAIN_APPROACH_CORRIDOR,-0.9695,-0.7567,6.9466,5.1921
630,69.821,2.7906,-5.5591,30.1089,-0.9683,-0.7585,-0.3458,6.55,8.648,31.134,-4.1366,-10.7361,0.2,0.0,0.0,0.0,-1.6499,-1.233,1.7,2.6707,-0.412,0,0,1,0.479,0.2,0.8,0,0,0.0,3,MOUNTAIN_APPROACH_CORRIDOR,-0.9683,-0.7585,6.9273,5.177
631,69.941,2.7713,-5.5743,30.102,-0.968,-0.7592,-0.3457,6.539,8.623,31.121,-4.1366,-10.7361,0.2,0.0,0.0,0.0,-1.6493,-1.2324,1.7,2.6701,-0.3931,0,0,1,0.48,0.196,0.804,0,0,0.0,3,MOUNTAIN_APPROACH_CORRIDOR,-0.968,-0.7592,6.9079,5.1618
632,70.063,2.752,-5.5895,30.0951,-0.9667,-0.761,-0.3458,6.528,8.599,31.107,-4.1366,-10.7361,0.2,0.0,0.0,0.0,-1.6487,-1.2318,1.7,2.6694,-0.404,0,0,1,0.481,0.199,0.801,0,0,0.0,3,MOUNTAIN_APPROACH_CORRIDOR,-0.9667,-0.761,6.8886,5.1466
633,70.182,2.7326,-5.6048,30.0881,-0.9673,-0.7622,-0.3457,6.517,8.574,31.094,-4.1366,-10.7361,0.2,0.0,0.0,0.0,-1.6482,-1.2312,1.7,2.6688,-0.3854,0,0,1,0.481,0.198,0.802,0,0,0.0,3,MOUNTAIN_APPROACH_CORRIDOR,-0.9673,-0.7622,6.8692,5.1313
634,70.299,2.7133,-5.62,30.0812,-0.9669,-0.7637,-0.3456,6.505,8.55,31.08,-4.1366,-10.7361,0.2,0.0,0.0,0.0,-1.6476,-1.2305,1.7,2.6681,-0.4083,0,0,1,0.482,0.202,0.798,0,0,0.0,3,MOUNTAIN_APPROACH_CORRIDOR,-0.9669,-0.7637,6.8499,5.116
635,70.415,2.6939,-5.6353,30.0743,-0.9684,-0.7639,-0.3456,6.494,8.525,31.067,-4.1366,-10.7361,0.2,0.0,0.0,0.0,-1.647,-1.2299,1.7,2.6674,-0.3903,0,0,1,0.483,0.201,0.799,0,0,0.0,3,MOUNTAIN_APPROACH_CORRIDOR,-0.9684,-0.7639,6.8305,5.1008
636,70.534,2.6745,-5.6506,30.0674,-0.9686,-0.7646,-0.3455,6.483,8.5,31.053,-4.1366,-10.7361,0.2,0.0,0.0,0.0,-1.6464,-1.2293,1.7,2.6668,-0.4129,0,0,1,0.484,0.201,0.799,0,0,0.0,3,MOUNTAIN_APPROACH_CORRIDOR,-0.9686,-0.7646,6.8112,5.0855
637,70.653,2.6551,-5.6659,30.0605,-0.9704,-0.7643,-0.3456,6.472,8.476,31.04,-4.1366,-10.7361,0.2,0.0,0.0,0.0,-1.6458,-1.2286,1.7,2.6661,-0.3953,0,0,1,0.484,0.201,0.799,0,0,0.0,3,MOUNTAIN_APPROACH_CORRIDOR,-0.9704,-0.7643,6.7917,5.0702
638,70.771,2.6357,-5.6812,30.0536,-0.9705,-0.7647,-0.3462,6.461,8.451,31.027,-4.1366,-10.7361,0.2,0.0,0.0,0.0,-1.6452,-1.228,1.7,2.6655,-0.4111,0,0,1,0.486,0.201,0.799,0,0,0.0,3,MOUNTAIN_APPROACH_CORRIDOR,-0.9705,-0.7647,6.7723,5.0549
639,70.889,2.6163,-5.6965,30.0466,-0.9719,-0.7643,-0.3459,6.45,8.426,31.013,-4.1366,-10.7361,0.2,0.0,0.0,0.0,-1.6446,-1.2274,1.7,2.6648,-0.3905,0,0,1,0.488,0.196,0.804,0,0,0.0,3,MOUNTAIN_APPROACH_CORRIDOR,-0.9719,-0.7643,6.7529,5.0396
640,71.007,2.5968,-5.7118,30.0397,-0.9715,-0.7645,-0.3458,6.439,8.401,31.0,-4.1366,-10.7361,0.2,0.0,0.0,0.0,-1.6441,-1.2267,1.7,2.6642,-0.4089,0,0,1,0.491,0.197,0.803,0,0,0.0,3,MOUNTAIN_APPROACH_CORRIDOR,-0.9715,-0.7645,6.7335,5.0243
641,71.124,2.5774,-5.7271,30.0328,-0.9722,-0.7639,-0.3457,6.428,8.377,30.987,-4.1366,-10.7361,0.2,0.0,0.0,0.0,-1.6435,-1.2261,1.7,2.6635,-0.3879,0,0,1,0.493,0.195,0.805,0,0,0.0,3,MOUNTAIN_APPROACH_CORRIDOR,-0.9722,-0.7639,6.714,5.009
642,71.241,2.558,-5.7423,30.0259,-0.9708,-0.764,-0.3459,6.417,8.352,30.973,-4.1366,-10.7361,0.2,0.0,0.0,0.0,-1.6429,-1.2255,1.7,2.6629,-0.4017,0,0,1,0.495,0.199,0.801,0,0,0.0,3,MOUNTAIN_APPROACH_CORRIDOR,-0.9708,-0.764,6.6946,4.9937
643,71.36,2.5386,-5.7576,30.019,-0.9703,-0.7633,-0.346,6.406,8.327,30.96,-4.1366,-10.7361,0.2,0.0,0.0,0.0,-1.6423,-1.2249,1.7,2.6622,-0.3809,0,0,1,0.495,0.198,0.802,0,0,0.0,3,MOUNTAIN_APPROACH_CORRIDOR,-0.9703,-0.7633,6.6752,4.9785
644,71.482,2.5192,-5.7729,30.0121,-0.969,-0.763,-0.3458,6.395,8.303,30.947,-4.1366,-10.7361,0.2,0.0,0.0,0.0,-1.6417,-1.2242,1.7,2.6616,-0.4034,0,0,1,0.497,0.201,0.799,0,0,0.0,3,MOUNTAIN_APPROACH_CORRIDOR,-0.969,-0.763,6.6558,4.9632
645,71.604,2.4998,-5.7881,30.0051,-0.9699,-0.7616,-0.3457,6.384,8.278,30.933,-4.1366,-10.7361,0.2,0.0,0.0,0.0,-1.6411,-1.2236,1.7,2.6609,-0.3832,0,0,1,0.497,0.201,0.799,0,0,0.0,3,MOUNTAIN_APPROACH_CORRIDOR,-0.9699,-0.7616,6.6364,4.948
646,71.723,2.4804,-5.8033,29.9982,-0.9698,-0.7608,-0.3456,6.373,8.253,30.92,-4.1366,-10.7361,0.2,0.0,0.0,0.0,-1.6405,-1.223,1.7,2.6603,-0.4057,0,0,1,0.499,0.205,0.795,0,0,0.0,3,MOUNTAIN_APPROACH_CORRIDOR,-0.9698,-0.7608,6.617,4.9328
647,71.863,2.461,-5.8185,29.9913,-0.9715,-0.7591,-0.3455,6.362,8.229,30.907,-4.1366,-10.7361,0.2,0.0,0.0,0.0,-1.6399,-1.2223,1.7,2.6596,-0.3858,0,0,1,0.5,0.207,0.793,0,0,0.0,3,MOUNTAIN_APPROACH_CORRIDOR,-0.9715,-0.7591,6.5976,4.9176
648,71.979,2.4415,-5.8337,29.9844,-0.9718,-0.7582,-0.3455,6.351,8.204,30.894,-4.1366,-10.7361,0.2,0.0,0.0,0.0,-1.6393,-1.2217,1.7,2.659,-0.4084,0,0,1,0.502,0.211,0.789,0,0,0.0,3,MOUNTAIN_APPROACH_CORRIDOR,-0.9718,-0.7582,6.5782,4.9024
649,72.096,2.4221,-5.8488,29.9775,-0.9736,-0.7567,-0.3455,6.34,8.179,30.88,-4.1366,-10.7361,0.2,0.0,0.0,0.0,-1.6387,-1.2211,1.7,2.6583,-0.3886,0,0,1,0.504,0.215,0.785,0,0,0.0,3,MOUNTAIN_APPROACH_CORRIDOR,-0.9736,-0.7567,6.5587,4.8873
650,72.213,2.4026,-5.8639,29.9706,-0.9736,-0.7563,-0.3456,6.329,8.155,30.867,-4.1366,-10.7361,0.2,0.0,0.0,0.0,-1.6381,-1.2205,1.7,2.6577,-0.4005,0,0,1,0.505,0.216,0.784,0,0,0.0,3,MOUNTAIN_APPROACH_CORRIDOR,-0.9736,-0.7563,6.5392,4.8722
651,72.329,2.3831,-5.879,29.9637,-0.9749,-0.7555,-0.3456,6.318,8.13,30.854,-4.1366,-10.7361,0.2,0.0,0.0,0.0,-1.6375,-1.2199,1.7,2.657,-0.3807,0,0,1,0.505,0.217,0.783,0,0,0.0,3,MOUNTAIN_APPROACH_CORRIDOR,-0.9749,-0.7555,6.5197,4.8571
652,72.446,2.3636,-5.8941,29.9568,-0.9744,-0.7551,-0.3455,6.307,8.105,30.841,-4.1366,-10.7361,0.2,0.0,0.0,0.0,-1.6369,-1.2193,1.7,2.6563,-0.4037,0,0,1,0.507,0.214,0.786,0,0,0.0,3,MOUNTAIN_APPROACH_CORRIDOR,-0.9744,-0.7551,6.5002,4.842
653,72.562,2.3441,-5.9092,29.9499,-0.9751,-0.7537,-0.3455,6.296,8.081,30.828,-4.1366,-10.7361,0.2,0.0,0.0,0.0,-1.6363,-1.2187,1.7,2.6557,-0.3839,0,0,1,0.507,0.215,0.785,0,0,0.0,3,MOUNTAIN_APPROACH_CORRIDOR,-0.9751,-0.7537,6.4807,4.8269
654,72.678,2.3246,-5.9243,29.943,-0.9738,-0.753,-0.3456,6.285,8.056,30.815,-4.1366,-10.7361,0.2,0.0,0.0,0.0,-1.6357,-1.2181,1.7,2.655,-0.4118,0,0,1,0.51,0.218,0.782,0,0,0.0,3,MOUNTAIN_APPROACH_CORRIDOR,-0.9738,-0.753,6.4613,4.8118
655,72.794,2.3052,-5.9393,29.936,-0.9732,-0.7514,-0.3456,6.274,8.032,30.802,-4.1366,-10.7361,0.2,0.0,0.0,0.0,-1.6351,-1.2175,1.7,2.6544,-0.3919,0,0,1,0.511,0.221,0.779,0,0,0.0,3,MOUNTAIN_APPROACH_CORRIDOR,-0.9732,-0.7514,6.4418,4.7968
656,72.91,2.2857,-5.9543,29.9291,-0.9718,-0.7512,-0.3456,6.263,8.007,30.789,-4.1366,-10.7361,0.2,0.0,0.0,0.0,-1.6345,-1.2169,1.7,2.6537,-0.4076,0,0,1,0.513,0.222,0.778,0,0,0.0,3,MOUNTAIN_APPROACH_CORRIDOR,-0.9718,-0.7512,6.4224,4.7818
657,73.027,2.2663,-5.9693,29.9222,-0.9724,-0.7508,-0.3456,6.253,7.982,30.775,-4.1366,-10.7361,0.2,0.0,0.0,0.0,-1.6338,-1.2163,1.7,2.6531,-0.3881,0,0,1,0.514,0.223,0.777,0,0,0.0,3,MOUNTAIN_APPROACH_CORRIDOR,-0.9724,-0.7508,6.4029,4.7668
658,73.143,2.2468,-5.9844,29.9153,-0.972,-0.7514,-0.3455,6.242,7.958,30.762,-4.1366,-10.7361,0.2,0.0,0.0,0.0,-1.6332,-1.2157,1.7,2.6525,-0.4113,0,0,1,0.516,0.225,0.775,0,0,0.0,3,MOUNTAIN_APPROACH_CORRIDOR,-0.972,-0.7514,6.3835,4.7517
659,73.261,2.2274,-5.9994,29.9084,-0.9735,-0.7514,-0.3455,6.231,7.933,30.749,-4.1366,-10.7361,0.2,0.0,0.0,0.0,-1.6326,-1.2152,1.7,2.6518,-0.3922,0,0,1,0.517,0.227,0.773,0,0,0.0,3,MOUNTAIN_APPROACH_CORRIDOR,-0.9735,-0.7514,6.364,4.7367
660,73.378,2.2079,-6.0144,29.9015,-0.9737,-0.7525,-0.3457,6.22,7.909,30.736,-4.1366,-10.7361,0.2,0.0,0.0,0.0,-1.632,-1.2146,1.7,2.6512,-0.4016,0,0,1,0.518,0.226,0.774,0,0,0.0,3,MOUNTAIN_APPROACH_CORRIDOR,-0.9737,-0.7525,6.3445,4.7216
661,73.496,2.1884,-6.0295,29.8946,-0.9754,-0.7534,-0.3456,6.209,7.884,30.723,-4.1366,-10.7361,0.2,0.0,0.0,0.0,-1.6314,-1.214,1.7,2.6505,-0.3827,0,0,1,0.518,0.226,0.774,0,0,0.0,3,MOUNTAIN_APPROACH_CORRIDOR,-0.9754,-0.7534,6.325,4.7066
662,73.612,2.1689,-6.0446,29.8877,-0.9759,-0.7545,-0.3456,6.198,7.859,30.71,-4.1366,-10.7361,0.2,0.0,0.0,0.0,-1.6308,-1.2134,1.7,2.6499,-0.4057,0,0,1,0.519,0.225,0.775,0,0,0.0,3,MOUNTAIN_APPROACH_CORRIDOR,-0.9759,-0.7545,6.3055,4.6915
663,73.729,2.1493,-6.0597,29.8807,-0.9781,-0.7545,-0.3456,6.187,7.835,30.697,-4.1366,-10.7361,0.2,0.0,0.0,0.0,-1.6302,-1.2128,1.7,2.6492,-0.3872,0,0,1,0.52,0.226,0.774,0,0,0.0,3,MOUNTAIN_APPROACH_CORRIDOR,-0.9781,-0.7545,6.2859,4.6764
664,73.845,2.1297,-6.0748,29.8738,-0.9786,-0.7549,-0.3455,6.176,7.81,30.684,-4.1366,-10.7361,0.2,0.0,0.0,0.0,-1.6296,-1.2122,1.7,2.6486,-0.4102,0,0,1,0.521,0.226,0.774,0,0,0.0,3,MOUNTAIN_APPROACH_CORRIDOR,-0.9786,-0.7549,6.2664,4.6613
665,73.961,2.1101,-6.0899,29.8669,-0.9805,-0.7545,-0.3456,6.165,7.785,30.671,-4.1366,-10.7361,0.2,0.0,0.0,0.0,-1.6289,-1.2116,1.7,2.6479,-0.392,0,0,1,0.522,0.227,0.773,0,0,0.0,3,MOUNTAIN_APPROACH_CORRIDOR,-0.9805,-0.7545,6.2467,4.6462
666,74.078,2.0905,-6.105,29.86,-0.9805,-0.7547,-0.3455,6.154,7.76,30.658,-4.1366,-10.7361,0.2,0.0,0.0,0.0,-1.6283,-1.211,1.7,2.6472,-0.4147,0,0,1,0.524,0.229,0.771,0,0,0.0,3,MOUNTAIN_APPROACH_CORRIDOR,-0.9805,-0.7547,6.2271,4.6311
667,74.194,2.0709,-6.1201,29.8531,-0.9814,-0.7543,-0.3456,6.143,7.736,30.646,-4.1366,-10.7361,0.2,0.0,0.0,0.0,-1.6277,-1.2104,1.7,2.6466,-0.3967,0,0,1,0.525,0.23,0.77,0,0,0.0,3,MOUNTAIN_APPROACH_CORRIDOR,-0.9814,-0.7543,6.2075,4.616
668,74.311,2.0513,-6.1352,29.8462,-0.9801,-0.7549,-0.3464,6.132,7.711,30.633,-4.1366,-10.7361,0.2,0.0,0.0,0.0,-1.6271,-1.2098,1.7,2.6459,-0.4006,0,0,1,0.525,0.226,0.774,0,0,0.0,3,MOUNTAIN_APPROACH_CORRIDOR,-0.9801,-0.7549,6.1879,4.6009
669,74.428,2.0317,-6.1503,29.8393,-0.9795,-0.755,-0.3461,6.121,7.686,30.62,-4.1366,-10.7361,0.2,0.0,0.0,0.0,-1.6265,-1.2092,1.7,2.6453,-0.3824,0,0,1,0.526,0.232,0.768,0,0,0.0,3,MOUNTAIN_APPROACH_CORRIDOR,-0.9795,-0.755,6.1683,4.5858
670,74.545,2.0121,-6.1653,29.8323,-0.978,-0.7549,-0.3458,6.11,7.662,30.607,-4.1366,-10.7361,0.2,0.0,0.0,0.0,-1.6259,-1.2086,1.7,2.6446,-0.4034,0,0,1,0.527,0.229,0.771,0,0,0.0,3,MOUNTAIN_APPROACH_CORRIDOR,-0.978,-0.7549,6.1488,4.5707
671,74.662,1.9926,-6.1804,29.8254,-0.9786,-0.7535,-0.3457,6.099,7.637,30.594,-4.1366,-10.7361,0.2,0.0,0.0,0.0,-1.6252,-1.208,1.7,2.644,-0.3827,0,0,1,0.527,0.232,0.768,0,0,0.0,3,MOUNTAIN_APPROACH_CORRIDOR,-0.9786,-0.7535,6.1292,4.5557
672,74.778,1.973,-6.1955,29.8185,-0.978,-0.7523,-0.3456,6.088,7.612,30.581,-4.1366,-10.7361,0.2,0.0,0.0,0.0,-1.6246,-1.2074,1.7,2.6433,-0.404,0,0,1,0.529,0.234,0.766,0,0,0.0,3,MOUNTAIN_APPROACH_CORRIDOR,-0.978,-0.7523,6.1096,4.5406
673,74.895,1.9534,-6.2105,29.8116,-0.9792,-0.7499,-0.3456,6.077,7.587,30.568,-4.1366,-10.7361,0.2,0.0,0.0,0.0,-1.624,-1.2068,1.7,2.6427,-0.3832,0,0,1,0.529,0.237,0.763,0,0,0.0,3,MOUNTAIN_APPROACH_CORRIDOR,-0.9792,-0.7499,6.09,4.5256
674,75.012,1.9338,-6.2254,29.8047,-0.9787,-0.7481,-0.3455,6.066,7.563,30.555,-4.1366,-10.7361,0.2,0.0,0.0,0.0,-1.6234,-1.2063,1.7,2.642,-0.4049,0,0,1,0.532,0.235,0.765,0,0,0.0,3,MOUNTAIN_APPROACH_CORRIDOR,-0.9787,-0.7481,6.0705,4.5107
675,75.125,1.9142,-6.2403,29.7978,-0.9797,-0.7454,-0.3455,6.055,7.538,30.543,-4.1366,-10.7361,0.2,0.0,0.0,0.0,-1.6227,-1.2057,1.7,2.6414,-0.384,0,0,1,0.533,0.225,0.775,0,0,0.0,3,MOUNTAIN_APPROACH_CORRIDOR,-0.9797,-0.7454,6.0509,4.4958
676,75.239,1.8947,-6.2552,29.7909,-0.9787,-0.7434,-0.3456,6.044,7.514,30.53,-4.1366,-10.7361,0.2,0.0,0.0,0.0,-1.6221,-1.2051,1.7,2.6407,-0.4075,0,0,1,0.536,0.229,0.771,0,0,0.0,3,MOUNTAIN_APPROACH_CORRIDOR,-0.9787,-0.7434,6.0313,4.4809
677,75.354,1.8751,-6.27,29.784,-0.9788,-0.7408,-0.3455,6.033,7.489,30.517,-4.1366,-10.7361,0.2,0.0,0.0,0.0,-1.6215,-1.2046,1.7,2.6401,-0.3864,0,0,1,0.537,0.233,0.767,0,0,0.0,3,MOUNTAIN_APPROACH_CORRIDOR,-0.9788,-0.7408,6.0117,4.4661
678,75.469,1.8556,-6.2848,29.777,-0.9771,-0.7393,-0.3455,6.022,7.465,30.504,-4.1366,-10.7361,0.2,0.0,0.0,0.0,-1.6208,-1.204,1.7,2.6395,-0.409,0,0,1,0.54,0.229,0.771,0,0,0.0,3,MOUNTAIN_APPROACH_CORRIDOR,-0.9771,-0.7393,5.9922,4.4513
679,75.583,1.836,-6.2996,29.7701,-0.9766,-0.7376,-0.3455,6.011,7.44,30.492,-4.1366,-10.7361,0.2,0.0,0.0,0.0,-1.6202,-1.2035,1.7,2.6388,-0.3877,0,0,1,0.542,0.235,0.765,0,0,0.0,3,MOUNTAIN_APPROACH_CORRIDOR,-0.9766,-0.7376,5.9726,4.4365
680,75.696,1.8165,-6.3143,29.7632,-0.974,-0.7372,-0.3458,6.0,7.416,30.479,-4.1366,-10.7361,0.2,0.0,0.0,0.0,-1.6195,-1.2029,1.7,2.6382,-0.3952,0,0,1,0.543,0.236,0.764,0,0,0.0,3,MOUNTAIN_APPROACH_CORRIDOR,-0.974,-0.7372,5.9532,4.4218
681,75.809,1.7971,-6.329,29.7563,-0.9722,-0.7367,-0.3463,5.989,7.391,30.466,-4.1366,-10.7361,0.2,0.0,0.0,0.0,-1.6189,-1.2024,1.7,2.6375,-0.3781,0,0,1,0.541,0.235,0.765,0,0,0.0,3,MOUNTAIN_APPROACH_CORRIDOR,-0.9722,-0.7367,5.9337,4.4071
682,75.921,1.7777,-6.3438,29.7494,-0.9703,-0.7367,-0.3465,5.978,7.367,30.454,-4.1366,-10.7361,0.2,0.0,0.0,0.0,-1.6183,-1.2018,1.7,2.6369,-0.4038,0,0,1,0.542,0.235,0.765,0,0,0.0,3,MOUNTAIN_APPROACH_CORRIDOR,-0.9703,-0.7367,5.9143,4.3923
683,76.036,1.7583,-6.3585,29.7424,-0.9712,-0.7353,-0.3463,5.967,7.343,30.441,-4.1366,-10.7361,0.2,0.0,0.0,0.0,-1.6176,-1.2013,1.7,2.6363,-0.3921,0,0,1,0.542,0.238,0.762,0,0,0.0,3,MOUNTAIN_APPROACH_CORRIDOR,-0.9712,-0.7353,5.8949,4.3776
684,76.149,1.7388,-6.3732,29.7355,-0.9719,-0.7345,-0.3466,5.957,7.318,30.429,-4.1366,-10.7361,0.2,0.0,0.0,0.0,-1.617,-1.2007,1.7,2.6356,-0.4128,0,0,1,0.544,0.241,0.759,0,0,0.0,3,MOUNTAIN_APPROACH_CORRIDOR,-0.9719,-0.7345,5.8755,4.3629
685,76.262,1.7193,-6.3878,29.7286,-0.9745,-0.733,-0.3462,5.946,7.294,30.416,-4.1366,-10.7361,0.2,0.0,0.0,0.0,-1.6164,-1.2002,1.7,2.635,-0.3931,0,0,1,0.545,0.235,0.765,0,0,0.0,3,MOUNTAIN_APPROACH_CORRIDOR,-0.9745,-0.733,5.856,4.3483
686,76.376,1.6998,-6.4025,29.7217,-0.9758,-0.7325,-0.3459,5.935,7.269,30.403,-4.1366,-10.7361,0.2,0.0,0.0,0.0,-1.6157,-1.1997,1.7,2.6343,-0.4146,0,0,1,0.548,0.238,0.762,0,0,0.0,3,MOUNTAIN_APPROACH_CORRIDOR,-0.9758,-0.7325,5.8364,4.3336
687,76.487,1.6803,-6.4171,29.7147,-0.9787,-0.7316,-0.3458,5.924,7.245,30.391,-4.1366,-10.7361,0.2,0.0,0.0,0.0,-1.615,-1.1992,1.7,2.6337,-0.395,0,0,1,0.549,0.238,0.762,0,0,0.0,3,MOUNTAIN_APPROACH_CORRIDOR,-0.9787,-0.7316,5.8169,4.319
688,76.6,1.6607,-6.4317,29.7078,-0.98,-0.7319,-0.3457,5.913,7.221,30.378,-4.1366,-10.7361,0.2,0.0,0.0,0.0,-1.6144,-1.1986,1.7,2.633,-0.4167,0,0,1,0.552,0.237,0.763,0,0,0.0,3,MOUNTAIN_APPROACH_CORRIDOR,-0.98,-0.7319,5.7973,4.3043
689,76.713,1.641,-6.4464,29.7009,-0.9826,-0.732,-0.3456,5.902,7.196,30.366,-4.1366,-10.7361,0.2,0.0,0.0,0.0,-1.6137,-1.1981,1.7,2.6324,-0.3971,0,0,1,0.554,0.243,0.757,0,0,0.0,3,MOUNTAIN_APPROACH_CORRIDOR,-0.9826,-0.732,5.7776,4.2897
690,76.826,1.6213,-6.4611,29.694,-0.9833,-0.7335,-0.3457,5.891,7.171,30.353,-4.1366,-10.7361,0.2,0.0,0.0,0.0,-1.613,-1.1976,1.7,2.6318,-0.3969,0,0,1,0.555,0.243,0.757,0,0,0.0,3,MOUNTAIN_APPROACH_CORRIDOR,-0.9833,-0.7335,5.758,4.275
691,76.938,1.6016,-6.4758,29.6871,-0.9849,-0.7351,-0.3457,5.88,7.147,30.341,-4.1366,-10.7361,0.2,0.0,0.0,0.0,-1.6124,-1.1971,1.7,2.6311,-0.3797,0,0,1,0.555,0.243,0.757,0,0,0.0,3,MOUNTAIN_APPROACH_CORRIDOR,-0.9849,-0.7351,5.7383,4.2603
692,77.051,1.5819,-6.4905,29.6802,-0.9849,-0.7366,-0.3456,5.869,7.122,30.328,-4.1366,-10.7361,0.2,0.0,0.0,0.0,-1.6117,-1.1966,1.7,2.6305,-0.402,0,0,1,0.556,0.245,0.755,0,0,0.0,3,MOUNTAIN_APPROACH_CORRIDOR,-0.9849,-0.7366,5.7186,4.2456
693,77.164,1.5622,-6.5052,29.6733,-0.9862,-0.7367,-0.3456,5.858,7.098,30.316,-4.1366,-10.7361,0.2,0.0,0.0,0.0,-1.611,-1.196,1.7,2.6298,-0.3823,0,0,1,0.557,0.246,0.754,0,0,0.0,3,MOUNTAIN_APPROACH_CORRIDOR,-0.9862,-0.7367,5.6988,4.2309
694,77.277,1.5425,-6.52,29.6664,-0.9855,-0.7372,-0.3456,5.847,7.073,30.303,-4.1366,-10.7361,0.2,0.0,0.0,0.0,-1.6104,-1.1955,1.7,2.6292,-0.407,0,0,1,0.558,0.249,0.751,0,0,0.0,3,MOUNTAIN_APPROACH_CORRIDOR,-0.9855,-0.7372,5.6791,4.2161
695,77.39,1.5228,-6.5347,29.6594,-0.9857,-0.7366,-0.3456,5.837,7.048,30.291,-4.1366,-10.7361,0.2,0.0,0.0,0.0,-1.6097,-1.195,1.7,2.6285,-0.3872,0,0,1,0.559,0.252,0.748,0,0,0.0,3,MOUNTAIN_APPROACH_CORRIDOR,-0.9857,-0.7366,5.6594,4.2014
696,77.506,1.5031,-6.5494,29.6525,-0.9844,-0.7368,-0.3455,5.826,7.024,30.278,-4.1366,-10.7361,0.2,0.0,0.0,0.0,-1.609,-1.1945,1.7,2.6279,-0.41,0,0,1,0.561,0.246,0.754,0,0,0.0,3,MOUNTAIN_APPROACH_CORRIDOR,-0.9844,-0.7368,5.6397,4.1867
697,77.623,1.4834,-6.5642,29.6456,-0.9843,-0.7363,-0.3455,5.815,6.999,30.266,-4.1366,-10.7361,0.2,0.0,0.0,0.0,-1.6084,-1.194,1.7,2.6272,-0.3903,0,0,1,0.562,0.249,0.751,0,0,0.0,3,MOUNTAIN_APPROACH_CORRIDOR,-0.9843,-0.7363,5.62,4.1719
698,77.736,1.4638,-6.5789,29.6387,-0.9822,-0.7368,-0.3456,5.804,6.975,30.254,-4.1366,-10.7361,0.2,0.0,0.0,0.0,-1.6077,-1.1934,1.7,2.6266,-0.4128,0,0,1,0.564,0.252,0.748,0,0,0.0,3,MOUNTAIN_APPROACH_CORRIDOR,-0.9822,-0.7368,5.6004,4.1572
699,77.849,1.4442,-6.5936,29.6318,-0.9811,-0.7369,-0.3456,5.793,6.95,30.241,-4.1366,-10.7361,0.2,0.0,0.0,0.0,-1.6071,-1.1929,1.7,2.626,-0.393,0,0,1,0.565,0.255,0.745,0,0,0.0,3,MOUNTAIN_APPROACH_CORRIDOR,-0.9811,-0.7369,5.5808,4.1425
700,77.962,1.4246,-6.6084,29.6249,-0.9783,-0.7382,-0.3457,5.782,6.926,30.229,-4.1366,-10.7361,0.2,0.0,0.0,0.0,-1.6064,-1.1923,1.7,2.6253,-0.4018,0,0,1,0.566,0.255,0.745,0,0,0.0,3,MOUNTAIN_APPROACH_CORRIDOR,-0.9783,-0.7382,5.5612,4.1277
701,78.075,1.405,-6.6232,29.618,-0.9768,-0.7393,-0.3457,5.771,6.901,30.217,-4.1366,-10.7361,0.2,0.0,0.0,0.0,-1.6058,-1.1918,1.7,2.6247,-0.382,0,0,1,0.566,0.254,0.746,0,0,0.0,3,MOUNTAIN_APPROACH_CORRIDOR,-0.9768,-0.7393,5.5417,4.1129
702,78.187,1.3856,-6.638,29.6111,-0.9737,-0.7407,-0.3457,5.76,6.877,30.204,-4.1366,-10.7361,0.2,0.0,0.0,0.0,-1.6052,-1.1912,1.7,2.624,-0.408,0,0,1,0.568,0.256,0.744,0,0,0.0,3,MOUNTAIN_APPROACH_CORRIDOR,-0.9737,-0.7407,5.5222,4.0981
703,78.3,1.3661,-6.6528,29.6041,-0.972,-0.7409,-0.3457,5.749,6.852,30.192,-4.1366,-10.7361,0.2,0.0,0.0,0.0,-1.6045,-1.1906,1.7,2.6234,-0.3884,0,0,1,0.568,0.256,0.744,0,0,0.0,3,MOUNTAIN_APPROACH_CORRIDOR,-0.972,-0.7409,5.5028,4.0833
704,78.414,1.3468,-6.6676,29.5972,-0.9692,-0.7418,-0.3456,5.738,6.828,30.18,-4.1366,-10.7361,0.2,0.0,0.0,0.0,-1.6039,-1.1901,1.7,2.6228,-0.4118,0,0,1,0.57,0.258,0.742,0,0,0.0,3,MOUNTAIN_APPROACH_CORRIDOR,-0.9692,-0.7418,5.4834,4.0684
705,78.529,1.3274,-6.6825,29.5903,-0.9682,-0.742,-0.3456,5.727,6.803,30.167,-4.1366,-10.7361,0.2,0.0,0.0,0.0,-1.6033,-1.1895,1.7,2.6221,-0.3926,0,0,1,0.571,0.259,0.741,0,0,0.0,3,MOUNTAIN_APPROACH_CORRIDOR,-0.9682,-0.742,5.464,4.0536
706,78.647,1.3081,-6.6973,29.5834,-0.9658,-0.7431,-0.3456,5.716,6.779,30.155,-4.1366,-10.7361,0.2,0.0,0.0,0.0,-1.6027,-1.1889,1.7,2.6215,-0.4106,0,0,1,0.572,0.26,0.74,0,0,0.0,3,MOUNTAIN_APPROACH_CORRIDOR,-0.9658,-0.7431,5.4447,4.0387
707,78.76,1.2888,-6.7122,29.5765,-0.9648,-0.7437,-0.3456,5.705,6.755,30.143,-4.1366,-10.7361,0.2,0.0,0.0,0.0,-1.6021,-1.1883,1.7,2.6208,-0.3916,0,0,1,0.573,0.261,0.739,0,0,0.0,3,MOUNTAIN_APPROACH_CORRIDOR,-0.9648,-0.7437,5.4254,4.0239
708,78.873,1.2695,-6.7271,29.5696,-0.9623,-0.7451,-0.3457,5.694,6.73,30.131,-4.1366,-10.7361,0.2,0.0,0.0,0.0,-1.6016,-1.1876,1.7,2.6202,-0.4142,0,0,1,0.575,0.262,0.738,0,0,0.0,3,MOUNTAIN_APPROACH_CORRIDOR,-0.9623,-0.7451,5.4062,4.009
709,78.985,1.2503,-6.742,29.5627,-0.9611,-0.7459,-0.3457,5.684,6.706,30.119,-4.1366,-10.7361,0.2,0.0,0.0,0.0,-1.601,-1.187,1.7,2.6196,-0.3954,0,0,1,0.575,0.263,0.737,0,0,0.0,3,MOUNTAIN_APPROACH_CORRIDOR,-0.9611,-0.7459,5.3869,3.994
710,79.098,1.2311,-6.757,29.5557,-0.9588,-0.7475,-0.3459,5.673,6.682,30.107,-4.1366,-10.7361,0.2,0.0,0.0,0.0,-1.6004,-1.1864,1.7,2.6189,-0.4118,0,0,1,0.577,0.263,0.737,0,0,0.0,3,MOUNTAIN_APPROACH_CORRIDOR,-0.9588,-0.7475,5.3678,3.9791
711,79.211,1.212,-6.772,29.5488,-0.9585,-0.7487,-0.3458,5.662,6.657,30.094,-4.1366,-10.7361,0.2,0.0,0.0,0.0,-1.5998,-1.1857,1.7,2.6183,-0.3929,0,0,1,0.577,0.264,0.736,0,0,0.0,3,MOUNTAIN_APPROACH_CORRIDOR,-0.9585,-0.7487,5.3486,3.9641
712,79.323,1.1928,-6.787,29.5419,-0.957,-0.7505,-0.3457,5.651,6.633,30.082,-4.1366,-10.7361,0.2,0.0,0.0,0.0,-1.5993,-1.1851,1.7,2.6177,-0.4155,0,0,1,0.579,0.265,0.735,0,0,0.0,3,MOUNTAIN_APPROACH_CORRIDOR,-0.957,-0.7505,5.3294,3.9491
713,79.436,1.1737,-6.802,29.535,-0.9573,-0.7516,-0.3457,5.64,6.609,30.07,-4.1366,-10.7361,0.2,0.0,0.0,0.0,-1.5987,-1.1844,1.7,2.617,-0.3969,0,0,1,0.58,0.267,0.733,0,0,0.0,3,MOUNTAIN_APPROACH_CORRIDOR,-0.9573,-0.7516,5.3103,3.9341
714,79.548,1.1546,-6.8171,29.5281,-0.9561,-0.7535,-0.3461,5.629,6.584,30.058,-4.1366,-10.7361,0.2,0.0,0.0,0.0,-1.5982,-1.1837,1.7,2.6164,-0.399,0,0,1,0.58,0.266,0.734,0,0,0.0,3,MOUNTAIN_APPROACH_CORRIDOR,-0.9561,-0.7535,5.2912,3.919
715,79.661,1.1354,-6.8322,29.5212,-0.9564,-0.7549,-0.3459,5.618,6.56,30.046,-4.1366,-10.7361,0.2,0.0,0.0,0.0,-1.5977,-1.1831,1.7,2.6158,-0.379,0,0,1,0.58,0.265,0.735,0,0,0.0,3,MOUNTAIN_APPROACH_CORRIDOR,-0.9564,-0.7549,5.2721,3.9039
716,79.773,1.1163,-6.8473,29.5142,-0.9554,-0.7559,-0.3458,5.607,6.536,30.034,-4.1366,-10.7361,0.2,0.0,0.0,0.0,-1.5971,-1.1824,1.7,2.6151,-0.4017,0,0,1,0.581,0.266,0.734,0,0,0.0,3,MOUNTAIN_APPROACH_CORRIDOR,-0.9554,-0.7559,5.2529,3.8888
717,79.886,1.0972,-6.8624,29.5073,-0.9562,-0.755,-0.3457,5.596,6.511,30.022,-4.1366,-10.7361,0.2,0.0,0.0,0.0,-1.5966,-1.1817,1.7,2.6145,-0.3817,0,0,1,0.581,0.265,0.735,0,0,0.0,3,MOUNTAIN_APPROACH_CORRIDOR,-0.9562,-0.755,5.2338,3.8737
718,79.998,1.0781,-6.8775,29.5004,-0.9559,-0.754,-0.3455,5.585,6.487,30.01,-4.1366,-10.7361,0.2,0.0,0.0,0.0,-1.5961,-1.181,1.7,2.6138,-0.4032,0,0,1,0.582,0.267,0.733,0,0,0.0,3,MOUNTAIN_APPROACH_CORRIDOR,-0.9559,-0.754,5.2147,3.8586
719,80.11,1.0589,-6.8925,29.4935,-0.9574,-0.7515,-0.3455,5.574,6.463,29.998,-4.1366,-10.7361,0.2,0.0,0.0,0.0,-1.5955,-1.1803,1.7,2.6132,-0.3834,0,0,1,0.582,0.268,0.732,0,0,0.0,3,MOUNTAIN_APPROACH_CORRIDOR,-0.9574,-0.7515,5.1956,3.8436
720,80.223,1.0398,-6.9075,29.4866,-0.9574,-0.7492,-0.3455,5.563,6.438,29.986,-4.1366,-10.7361,0.2,0.0,0.0,0.0,-1.595,-1.1797,1.7,2.6126,-0.4074,0,0,1,0.583,0.265,0.735,0,0,0.0,3,MOUNTAIN_APPROACH_CORRIDOR,-0.9574,-0.7492,5.1764,3.8286
721,80.335,1.0206,-6.9224,29.4797,-0.9588,-0.7456,-0.3455,5.552,6.414,29.974,-4.1366,-10.7361,0.2,0.0,0.0,0.0,-1.5944,-1.179,1.7,2.6119,-0.3875,0,0,1,0.584,0.271,0.729,0,0,0.0,3,MOUNTAIN_APPROACH_CORRIDOR,-0.9588,-0.7456,5.1572,3.8137
722,80.447,1.0014,-6.9373,29.4728,-0.9592,-0.7427,-0.3454,5.541,6.39,29.962,-4.1366,-10.7361,0.2,0.0,0.0,0.0,-1.5938,-1.1784,1.7,2.6113,-0.4094,0,0,1,0.586,0.269,0.731,0,0,0.0,3,MOUNTAIN_APPROACH_CORRIDOR,-0.9592,-0.7427,5.138,3.7988
723,80.56,0.9822,-6.952,29.4659,-0.9613,-0.7389,-0.3454,5.53,6.366,29.95,-4.1366,-10.7361,0.2,0.0,0.0,0.0,-1.5932,-1.1778,1.7,2.6107,-0.3897,0,0,1,0.587,0.271,0.729,0,0,0.0,3,MOUNTAIN_APPROACH_CORRIDOR,-0.9613,-0.7389,5.1188,3.784
724,80.672,0.963,-6.9668,29.459,-0.9621,-0.7359,-0.3454,5.519,6.341,29.938,-4.1366,-10.7361,0.2,0.0,0.0,0.0,-1.5926,-1.1772,1.7,2.61,-0.4118,0,0,1,0.589,0.274,0.726,0,0,0.0,3,MOUNTAIN_APPROACH_CORRIDOR,-0.9621,-0.7359,5.0996,3.7693
725,80.784,0.9437,-6.9814,29.4521,-0.9643,-0.7324,-0.3455,5.509,6.317,29.926,-4.1366,-10.7361,0.2,0.0,0.0,0.0,-1.592,-1.1766,1.7,2.6094,-0.3922,0,0,1,0.59,0.273,0.727,0,0,0.0,3,MOUNTAIN_APPROACH_CORRIDOR,-0.9643,-0.7324,5.0803,3.7547
726,80.897,0.9244,-6.996,29.4451,-0.9647,-0.7299,-0.3455,5.498,6.293,29.915,-4.1366,-10.7361,0.2,0.0,0.0,0.0,-1.5914,-1.1761,1.7,2.6088,-0.4162,0,0,1,0.592,0.278,0.722,0,0,0.0,3,MOUNTAIN_APPROACH_CORRIDOR,-0.9647,-0.7299,5.061,3.7401
727,81.009,0.905,-7.0105,29.4382,-0.9663,-0.7271,-0.3455,5.487,6.269,29.903,-4.1366,-10.7361,0.2,0.0,0.0,0.0,-1.5908,-1.1755,1.7,2.6082,-0.3965,0,0,1,0.593,0.277,0.723,0,0,0.0,3,MOUNTAIN_APPROACH_CORRIDOR,-0.9663,-0.7271,5.0417,3.7255
728,81.121,0.8857,-7.0251,29.4313,-0.9663,-0.7257,-0.3455,5.476,6.245,29.891,-4.1366,-10.7361,0.2,0.0,0.0,0.0,-1.5902,-1.175,1.7,2.6075,-0.417,0,0,1,0.596,0.283,0.717,0,0,0.0,3,MOUNTAIN_APPROACH_CORRIDOR,-0.9663,-0.7257,5.0223,3.711
729,81.234,0.8664,-7.0395,29.4244,-0.9676,-0.7244,-0.3455,5.465,6.22,29.879,-4.1366,-10.7361,0.2,0.0,0.0,0.0,-1.5895,-1.1744,1.7,2.6069,-0.3974,0,0,1,0.597,0.283,0.717,0,0,0.0,3,MOUNTAIN_APPROACH_CORRIDOR,-0.9676,-0.7244,5.003,3.6965
730,81.347,0.847,-7.054,29.4175,-0.9671,-0.7246,-0.3456,5.454,6.196,29.867,-4.1366,-10.7361,0.2,0.0,0.0,0.0,-1.5889,-1.1739,1.7,2.6063,-0.4034,0,0,1,0.598,0.285,0.715,0,0,0.0,3,MOUNTAIN_APPROACH_CORRIDOR,-0.9671,-0.7246,4.9837,3.682
731,81.459,0.8277,-7.0685,29.4106,-0.9676,-0.7249,-0.3456,5.443,6.172,29.856,-4.1366,-10.7361,0.2,0.0,0.0,0.0,-1.5882,-1.1734,1.7,2.6056,-0.3837,0,0,1,0.599,0.284,0.716,0,0,0.0,3,MOUNTAIN_APPROACH_CORRIDOR,-0.9676,-0.7249,4.9643,3.6676
732,81.571,0.8083,-7.083,29.4037,-0.9668,-0.7256,-0.3455,5.433,6.148,29.844,-4.1366,-10.7361,0.2,0.0,0.0,0.0,-1.5876,-1.1728,1.7,2.605,-0.4066,0,0,1,0.6,0.282,0.718,0,0,0.0,3,MOUNTAIN_APPROACH_CORRIDOR,-0.9668,-0.7256,4.945,3.653
733,81.683,0.789,-7.0975,29.3968,-0.9676,-0.7253,-0.3455,5.422,6.124,29.832,-4.1366,-10.7361,0.2,0.0,0.0,0.0,-1.587,-1.1723,1.7,2.6044,-0.3872,0,0,1,0.601,0.282,0.718,0,0,0.0,3,MOUNTAIN_APPROACH_CORRIDOR,-0.9676,-0.7253,4.9256,3.6385
734,81.796,0.7697,-7.1121,29.3899,-0.9667,-0.7256,-0.3456,5.411,6.1,29.82,-4.1366,-10.7361,0.2,0.0,0.0,0.0,-1.5863,-1.1717,1.7,2.6037,-0.4132,0,0,1,0.603,0.285,0.715,0,0,0.0,3,MOUNTAIN_APPROACH_CORRIDOR,-0.9667,-0.7256,4.9063,3.624
735,81.908,0.7503,-7.1266,29.383,-0.967,-0.7251,-0.3455,5.4,6.075,29.809,-4.1366,-10.7361,0.2,0.0,0.0,0.0,-1.5857,-1.1712,1.7,2.6031,-0.3938,0,0,1,0.604,0.287,0.713,0,0,0.0,3,MOUNTAIN_APPROACH_CORRIDOR,-0.967,-0.7251,4.8869,3.6095
736,82.021,0.731,-7.1411,29.376,-0.9663,-0.7258,-0.3454,5.389,6.051,29.797,-4.1366,-10.7361,0.2,0.0,0.0,0.0,-1.5851,-1.1707,1.7,2.6025,-0.4169,0,0,1,0.606,0.291,0.709,0,0,0.0,3,MOUNTAIN_APPROACH_CORRIDOR,-0.9663,-0.7258,4.8676,3.595
737,82.133,0.7116,-7.1556,29.3691,-0.9674,-0.7262,-0.3454,5.378,6.027,29.785,-4.1366,-10.7361,0.2,0.0,0.0,0.0,-1.5844,-1.1701,1.7,2.6019,-0.3979,0,0,1,0.608,0.293,0.707,0,0,0.0,3,MOUNTAIN_APPROACH_CORRIDOR,-0.9674,-0.7262,4.8483,3.5805
738,82.245,0.6923,-7.1702,29.3622,-0.9672,-0.7279,-0.3455,5.367,6.003,29.774,-4.1366,-10.7361,0.2,0.0,0.0,0.0,-1.5838,-1.1696,1.7,2.6012,-0.4076,0,0,1,0.609,0.295,0.705,0,0,0.0,3,MOUNTAIN_APPROACH_CORRIDOR,-0.9672,-0.7279,4.8289,3.5659
739,82.359,0.6729,-7.1848,29.3553,-0.9684,-0.7296,-0.3455,5.356,5.979,29.762,-4.1366,-10.7361,0.2,0.0,0.0,0.0,-1.5832,-1.169,1.7,2.6006,-0.3888,0,0,1,0.609,0.294,0.706,0,0,0.0,3,MOUNTAIN_APPROACH_CORRIDOR,-0.9684,-0.7296,4.8096,3.5513
740,82.473,0.6536,-7.1994,29.3484,-0.9684,-0.7318,-0.3455,5.346,5.954,29.75,-4.1366,-10.7361,0.2,0.0,0.0,0.0,-1.5826,-1.1684,1.7,2.6,-0.4118,0,0,1,0.611,0.296,0.704,0,0,0.0,3,MOUNTAIN_APPROACH_CORRIDOR,-0.9684,-0.7318,4.7902,3.5367
741,82.588,0.6342,-7.2141,29.3415,-0.97,-0.7332,-0.3455,5.335,5.93,29.739,-4.1366,-10.7361,0.2,0.0,0.0,0.0,-1.582,-1.1679,1.7,2.5993,-0.3933,0,0,1,0.612,0.297,0.703,0,0,0.0,3,MOUNTAIN_APPROACH_CORRIDOR,-0.97,-0.7332,4.7708,3.522
742,82.701,0.6148,-7.2288,29.3346,-0.9699,-0.7353,-0.3455,5.324,5.906,29.727,-4.1366,-10.7361,0.2,0.0,0.0,0.0,-1.5813,-1.1673,1.7,2.5987,-0.4162,0,0,1,0.613,0.299,0.701,0,0,0.0,3,MOUNTAIN_APPROACH_CORRIDOR,-0.9699,-0.7353,4.7514,3.5073
743,82.814,0.5953,-7.2435,29.3277,-0.9711,-0.7367,-0.3455,5.313,5.881,29.715,-4.1366,-10.7361,0.2,0.0,0.0,0.0,-1.5807,-1.1667,1.7,2.5981,-0.398,0,0,1,0.615,0.3,0.7,0,0,0.0,3,MOUNTAIN_APPROACH_CORRIDOR,-0.9711,-0.7367,4.732,3.4926
744,82.926,0.5759,-7.2583,29.3207,-0.9702,-0.7391,-0.3463,5.302,5.857,29.704,-4.1366,-10.7361,0.2,0.0,0.0,0.0,-1.5801,-1.1661,1.7,2.5974,-0.401,0,0,1,0.615,0.301,0.699,0,0,0.0,3,MOUNTAIN_APPROACH_CORRIDOR,-0.9702,-0.7391,4.7126,3.4778
745,83.039,0.5565,-7.2731,29.3138,-0.9703,-0.7411,-0.3461,5.291,5.832,29.692,-4.1366,-10.7361,0.2,0.0,0.0,0.0,-1.5795,-1.1655,1.7,2.5968,-0.3801,0,0,1,0.615,0.297,0.703,0,0,0.0,3,MOUNTAIN_APPROACH_CORRIDOR,-0.9703,-0.7411,4.6932,3.463
746,83.152,0.5371,-7.288,29.3069,-0.9696,-0.743,-0.3458,5.28,5.808,29.681,-4.1366,-10.7361,0.2,0.0,0.0,0.0,-1.5789,-1.1649,1.7,2.5962,-0.4009,0,0,1,0.617,0.299,0.701,0,0,0.0,3,MOUNTAIN_APPROACH_CORRIDOR,-0.9696,-0.743,4.6738,3.4481
747,83.264,0.5177,-7.3028,29.3,-0.9708,-0.7432,-0.3458,5.269,5.784,29.669,-4.1366,-10.7361,0.2,0.0,0.0,0.0,-1.5784,-1.1643,1.7,2.5955,-0.3802,0,0,1,0.617,0.295,0.705,0,0,0.0,3,MOUNTAIN_APPROACH_CORRIDOR,-0.9708,-0.7432,4.6544,3.4333
748,83.376,0.4983,-7.3177,29.2931,-0.9709,-0.7434,-0.3456,5.258,5.759,29.658,-4.1366,-10.7361,0.2,0.0,0.0,0.0,-1.5778,-1.1637,1.7,2.5949,-0.4017,0,0,1,0.618,0.297,0.703,0,0,0.0,3,MOUNTAIN_APPROACH_CORRIDOR,-0.9709,-0.7434,4.6349,3.4184
749,83.489,0.4789,-7.3325,29.2862,-0.9726,-0.7423,-0.3456,5.247,5.735,29.646,-4.1366,-10.7361,0.2,0.0,0.0,0.0,-1.5772,-1.163,1.7,2.5943,-0.3811,0,0,1,0.619,0.296,0.704,0,0,0.0,3,MOUNTAIN_APPROACH_CORRIDOR,-0.9726,-0.7423,4.6155,3.4035
750,83.601,0.4594,-7.3474,29.2793,-0.9728,-0.7415,-0.3455,5.236,5.71,29.635,-4.1366,-10.7361,0.2,0.0,0.0,0.0,-1.5766,-1.1624,1.7,2.5936,-0.4029,0,0,1,0.62,0.29,0.71,0,0,0.0,3,MOUNTAIN_APPROACH_CORRIDOR,-0.9728,-0.7415,4.596,3.3887
751,83.712,0.4399,-7.3622,29.2723,-0.9743,-0.7394,-0.3455,5.225,5.686,29.623,-4.1366,-10.7361,0.2,0.0,0.0,0.0,-1.576,-1.1618,1.7,2.593,-0.3822,0,0,1,0.621,0.292,0.708,0,0,0.0,3,MOUNTAIN_APPROACH_CORRIDOR,-0.9743,-0.7394,4.5765,3.3739
752,83.825,0.4204,-7.3769,29.2654,-0.9739,-0.738,-0.3456,5.215,5.661,29.612,-4.1366,-10.7361,0.2,0.0,0.0,0.0,-1.5754,-1.1613,1.7,2.5923,-0.408,0,0,1,0.624,0.297,0.703,0,0,0.0,3,MOUNTAIN_APPROACH_CORRIDOR,-0.9739,-0.738,4.5571,3.3592
753,83.937,0.401,-7.3916,29.2585,-0.9745,-0.7356,-0.3456,5.204,5.637,29.6,-4.1366,-10.7361,0.2,0.0,0.0,0.0,-1.5747,-1.1607,1.7,2.5917,-0.387,0,0,1,0.625,0.296,0.704,0,0,0.0,3,MOUNTAIN_APPROACH_CORRIDOR,-0.9745,-0.7356,4.5376,3.3445
754,84.049,0.3815,-7.4063,29.2516,-0.974,-0.7344,-0.3455,5.193,5.613,29.589,-4.1366,-10.7361,0.2,0.0,0.0,0.0,-1.5741,-1.1601,1.7,2.5911,-0.4096,0,0,1,0.628,0.301,0.699,0,0,0.0,3,MOUNTAIN_APPROACH_CORRIDOR,-0.974,-0.7344,4.5181,3.3298
755,84.162,0.362,-7.421,29.2447,-0.9754,-0.7327,-0.3455,5.182,5.588,29.577,-4.1366,-10.7361,0.2,0.0,0.0,0.0,-1.5735,-1.1595,1.7,2.5904,-0.3888,0,0,1,0.629,0.305,0.695,0,0,0.0,3,MOUNTAIN_APPROACH_CORRIDOR,-0.9754,-0.7327,4.4986,3.3151
756,84.274,0.3425,-7.4356,29.2378,-0.9754,-0.7324,-0.3455,5.171,5.564,29.566,-4.1366,-10.7361,0.2,0.0,0.0,0.0,-1.5729,-1.159,1.7,2.5898,-0.4091,0,0,1,0.632,0.307,0.693,0,0,0.0,3,MOUNTAIN_APPROACH_CORRIDOR,-0.9754,-0.7324,4.4791,3.3005
757,84.386,0.3229,-7.4503,29.2309,-0.977,-0.7319,-0.3455,5.16,5.539,29.555,-4.1366,-10.7361,0.2,0.0,0.0,0.0,-1.5722,-1.1584,1.7,2.5892,-0.3883,0,0,1,0.634,0.311,0.689,0,0,0.0,3,MOUNTAIN_APPROACH_CORRIDOR,-0.977,-0.7319,4.4595,3.2858
758,84.498,0.3034,-7.4649,29.224,-0.9769,-0.7329,-0.3456,5.149,5.515,29.543,-4.1366,-10.7361,0.2,0.0,0.0,0.0,-1.5716,-1.1579,1.7,2.5886,-0.3961,0,0,1,0.635,0.312,0.688,0,0,0.0,3,MOUNTAIN_APPROACH_CORRIDOR,-0.9769,-0.7329,4.44,3.2712
759,84.61,0.2838,-7.4796,29.217,-0.978,-0.7337,-0.3463,5.138,5.49,29.532,-4.1366,-10.7361,0.2,0.0,0.0,0.0,-1.571,-1.1573,1.7,2.5879,-0.3782,0,0,1,0.634,0.309,0.691,0,0,0.0,3,MOUNTAIN_APPROACH_CORRIDOR,-0.978,-0.7337,4.4204,3.2565
760,84.722,0.2643,-7.4943,29.2101,-0.9777,-0.7349,-0.346,5.127,5.466,29.521,-4.1366,-10.7361,0.2,0.0,0.0,0.0,-1.5703,-1.1567,1.7,2.5873,-0.406,0,0,1,0.634,0.306,0.694,0,0,0.0,3,MOUNTAIN_APPROACH_CORRIDOR,-0.9777,-0.7349,4.4009,3.2418
761,84.834,0.2447,-7.509,29.2032,-0.9789,-0.7349,-0.3458,5.116,5.442,29.509,-4.1366,-10.7361,0.2,0.0,0.0,0.0,-1.5697,-1.1562,1.7,2.5866,-0.3911,0,0,1,0.633,0.298,0.702,0,0,0.0,3,MOUNTAIN_APPROACH_CORRIDOR,-0.9789,-0.7349,4.3813,3.2271
762,84.946,0.2251,-7.5237,29.1963,-0.9785,-0.7353,-0.3457,5.105,5.417,29.498,-4.1366,-10.7361,0.2,0.0,0.0,0.0,-1.5691,-1.1556,1.7,2.586,-0.4069,0,0,1,0.636,0.308,0.692,0,0,0.0,3,MOUNTAIN_APPROACH_CORRIDOR,-0.9785,-0.7353,4.3617,3.2124
763,85.058,0.2055,-7.5384,29.1894,-0.9793,-0.7348,-0.3463,5.095,5.393,29.487,-4.1366,-10.7361,0.2,0.0,0.0,0.0,-1.5685,-1.1551,1.7,2.5854,-0.386,0,0,1,0.636,0.307,0.693,0,0,0.0,3,MOUNTAIN_APPROACH_CORRIDOR,-0.9793,-0.7348,4.3422,3.1977
764,85.17,0.186,-7.5531,29.1824,-0.9784,-0.7348,-0.346,5.084,5.368,29.475,-4.1366,-10.7361,0.2,0.0,0.0,0.0,-1.5678,-1.1545,1.7,2.5847,-0.4086,0,0,1,0.638,0.306,0.694,0,0,0.0,3,MOUNTAIN_APPROACH_CORRIDOR,-0.9784,-0.7348,4.3226,3.183
765,85.282,0.1664,-7.5678,29.1755,-0.9789,-0.7337,-0.3458,5.073,5.344,29.464,-4.1366,-10.7361,0.2,0.0,0.0,0.0,-1.5674,-1.1537,1.7,2.5841,-0.3893,0,0,1,0.638,0.312,0.688,0,0,0.0,3,MOUNTAIN_APPROACH_CORRIDOR,-0.9789,-0.7337,4.303,3.1683
766,85.394,0.1468,-7.5824,29.1686,-0.9776,-0.7332,-0.3458,5.062,5.319,29.453,-4.1366,-10.7361,0.2,0.0,0.0,0.0,-1.5681,-1.1513,1.7,2.5835,-0.4153,0,0,1,0.641,0.31,0.69,0,0,0.0,3,MOUNTAIN_APPROACH_CORRIDOR,-0.9776,-0.7332,4.2835,3.1537
767,85.506,0.1273,-7.5971,29.1617,-0.9773,-0.7319,-0.3457,5.052,5.295,29.442,-4.1366,-10.7361,0.2,0.0,0.0,0.0,-1.5685,-1.1493,1.7,2.5828,-0.396,0,0,1,0.642,0.311,0.689,0,0,0.0,3,MOUNTAIN_APPROACH_CORRIDOR,-0.9773,-0.7319,4.2639,3.139
768,85.618,0.1078,-7.6117,29.1548,-0.9759,-0.7318,-0.3456,5.043,5.27,29.431,-4.1366,-10.7361,0.2,0.0,0.0,0.0,-1.57,-1.1458,1.7,2.5822,-0.4188,0,0,1,0.644,0.315,0.685,0,0,0.0,3,MOUNTAIN_APPROACH_CORRIDOR,-0.9759,-0.7318,4.2444,3.1244
769,85.73,0.0882,-7.6263,29.1479,-0.9762,-0.7313,-0.3456,5.033,5.246,29.419,-4.1366,-10.7361,0.2,0.0,0.0,0.0,-1.5711,-1.143,1.7,2.5816,-0.3998,0,0,1,0.646,0.318,0.682,0,0,0.0,3,MOUNTAIN_APPROACH_CORRIDOR,-0.9762,-0.7313,4.2249,3.1098
770,85.842,0.0687,-7.641,29.141,-0.9749,-0.7322,-0.3459,5.023,5.222,29.408,-4.1366,-10.7361,0.2,0.0,0.0,0.0,-1.573,-1.1389,1.7,2.581,-0.4065,0,0,1,0.647,0.321,0.679,0,0,0.0,3,MOUNTAIN_APPROACH_CORRIDOR,-0.9749,-0.7322,4.2054,3.0951
771,85.953,0.0492,-7.6556,29.134,-0.9751,-0.733,-0.3458,5.014,5.197,29.397,-4.1366,-10.7361,0.2,0.0,0.0,0.0,-1.5736,-1.1366,1.7,2.5803,-0.3866,0,0,1,0.647,0.32,0.68,0,0,0.0,3,MOUNTAIN_APPROACH_CORRIDOR,-0.9751,-0.733,4.1859,3.0805
772,86.065,0.0298,-7.6703,29.1271,-0.9738,-0.7341,-0.3456,5.004,5.173,29.386,-4.1366,-10.7361,0.2,0.0,0.0,0.0,-1.5764,-1.1313,1.7,2.5797,-0.4088,0,0,1,0.649,0.326,0.674,0,0,0.0,3,MOUNTAIN_APPROACH_CORRIDOR,-0.9738,-0.7341,4.1664,3.0658
773,86.177,0.0103,-7.685,29.1202,-0.9741,-0.7342,-0.3456,4.994,5.148,29.375,-4.1366,-10.7361,0.2,0.0,0.0,0.0,-1.5777,-1.1281,1.7,2.5791,-0.389,0,0,1,0.65,0.327,0.673,0,0,0.0,3,MOUNTAIN_APPROACH_CORRIDOR,-0.9741,-0.7342,4.1469,3.0511
774,86.289,-0.0092,-7.6997,29.1133,-0.9727,-0.7349,-0.3456,4.985,5.124,29.364,-4.1366,-10.7361,0.2,0.0,0.0,0.0,-1.5816,-1.1211,1.7,2.5784,-0.4136,0,0,1,0.652,0.332,0.668,0,0,0.0,3,MOUNTAIN_APPROACH_CORRIDOR,-0.9727,-0.7349,4.1275,3.0364
775,86.401,-0.0286,-7.7144,29.1064,-0.9725,-0.7347,-0.3456,4.975,5.1,29.353,-4.1366,-10.7361,0.2,0.0,0.0,0.0,-1.5839,-1.1164,1.7,2.5778,-0.3939,0,0,1,0.653,0.334,0.666,0,0,0.0,3,MOUNTAIN_APPROACH_CORRIDOR,-0.9725,-0.7347,4.108,3.0217
776,86.513,-0.048,-7.7291,29.0995,-0.971,-0.7355,-0.3455,4.965,5.075,29.342,-4.1366,-10.7361,0.2,0.0,0.0,0.0,-1.5896,-1.1068,1.7,2.5772,-0.4163,0,0,1,0.655,0.332,0.668,0,0,0.0,3,MOUNTAIN_APPROACH_CORRIDOR,-0.971,-0.7355,4.0886,3.007
777,86.624,-0.0675,-7.7438,29.0926,-0.971,-0.7359,-0.3455,4.955,5.051,29.331,-4.1366,-10.7361,0.2,0.0,0.0,0.0,-1.5933,-1.0999,1.7,2.5765,-0.3967,0,0,1,0.657,0.335,0.665,0,0,0.0,3,MOUNTAIN_APPROACH_CORRIDOR,-0.971,-0.7359,4.0692,2.9923
778,86.736,-0.0868,-7.7586,29.0857,-0.9693,-0.7375,-0.3457,4.946,5.027,29.32,-4.1366,-10.7361,0.2,0.0,0.0,0.0,-1.5949,-1.0962,1.7,2.5759,-0.396,0,0,1,0.657,0.334,0.666,0,0,0.0,3,MOUNTAIN_APPROACH_CORRIDOR,-0.9693,-0.7375,4.0498,2.9775
779,86.848,-0.1062,-7.7733,29.0787,-0.9689,-0.739,-0.3457,4.936,5.002,29.309,-4.1366,-10.7361,0.2,0.0,0.0,0.0,-1.5951,-1.0944,1.7,2.5753,-0.3826,0,0,1,0.657,0.338,0.662,0,0,0.0,3,MOUNTAIN_APPROACH_CORRIDOR,-0.9689,-0.739,4.0304,2.9627
780,86.961,-0.1256,-7.7881,29.0718,-0.9672,-0.74,-0.3457,4.925,4.978,29.298,-4.1366,-10.7361,0.2,0.0,0.0,0.0,-1.5993,-1.0867,1.7,2.5747,-0.4073,0,0,1,0.658,0.334,0.666,0,0,0.0,3,MOUNTAIN_DESCENT_CORRIDOR,-0.9672,-0.74,4.0111,2.9479
781,87.072,-0.1449,-7.8029,29.0634,-0.9664,-0.7393,-0.4197,4.913,4.954,29.285,-4.1366,-10.7361,0.2,0.0,0.0,0.0,-1.6051,-1.0766,1.7,2.574,-0.3928,0,0,1,0.659,0.339,0.661,0,0,0.0,3,MOUNTAIN_DESCENT_CORRIDOR,-0.9664,-0.7393,3.9917,2.9332
782,87.185,-0.1642,-7.8177,29.0541,-0.9649,-0.7391,-0.4663,4.901,4.929,29.272,-4.1366,-10.7361,0.2,0.0,0.0,0.0,-1.6145,-1.0611,1.7,2.5734,-0.417,0,0,1,0.661,0.341,0.659,0,0,0.0,3,MOUNTAIN_DESCENT_CORRIDOR,-0.9649,-0.7391,3.9724,2.9184
783,87.296,-0.1835,-7.8325,29.0442,-0.9644,-0.7384,-0.4956,4.887,4.905,29.258,-4.1366,-10.7361,0.2,0.0,0.0,0.0,-1.6174,-1.055,1.7,2.5728,-0.3875,0,0,1,0.662,0.341,0.659,0,0,0.0,3,MOUNTAIN_DESCENT_CORRIDOR,-0.9644,-0.7384,3.9531,2.9036
784,87.408,-0.2028,-7.8472,29.0339,-0.9643,-0.7389,-0.5138,4.874,4.881,29.244,-4.1366,-10.7361,0.2,0.0,0.0,0.0,-1.6265,-1.0395,1.7,2.5721,-0.4202,0,0,1,0.664,0.342,0.658,0,0,0.0,3,MOUNTAIN_DESCENT_CORRIDOR,-0.9643,-0.7389,3.9339,2.8888
785,87.52,-0.2221,-7.862,29.0234,-0.9649,-0.7383,-0.5252,4.86,4.856,29.23,-4.1366,-10.7361,0.2,0.0,0.0,0.0,-1.6267,-1.0375,1.7,2.5715,-0.3798,0,0,1,0.663,0.341,0.659,0,0,0.0,3,MOUNTAIN_DESCENT_CORRIDOR,-0.9649,-0.7383,3.9146,2.8741
786,87.632,-0.2414,-7.8768,29.0128,-0.9664,-0.7389,-0.5323,4.846,4.832,29.215,-4.1366,-10.7361,0.2,0.0,0.0,0.0,-1.6346,-1.0235,1.7,2.5709,-0.4171,0,0,1,0.665,0.342,0.658,0,0,0.0,3,MOUNTAIN_DESCENT_CORRIDOR,-0.9664,-0.7389,3.8952,2.8593
787,87.744,-0.2607,-7.8915,29.002,-0.9674,-0.7376,-0.5368,4.831,4.808,29.201,-4.1366,-10.7361,0.2,0.0,0.0,0.0,-1.6326,-1.0252,1.7,2.5703,-0.3759,0,0,1,0.664,0.34,0.66,0,0,0.0,3,MOUNTAIN_DESCENT_CORRIDOR,-0.9674,-0.7376,3.8759,2.8445
788,87.855,-0.2801,-7.9063,28.9912,-0.9692,-0.7373,-0.5396,4.817,4.783,29.186,-4.1366,-10.7361,0.2,0.0,0.0,0.0,-1.6389,-1.0134,1.7,2.5696,-0.4135,0,0,1,0.666,0.34,0.66,0,0,0.0,3,MOUNTAIN_DESCENT_CORRIDOR,-0.9692,-0.7373,3.8565,2.8298
789,87.967,-0.2995,-7.921,28.9804,-0.9702,-0.7346,-0.5416,4.803,4.759,29.171,-4.1366,-10.7361,0.2,0.0,0.0,0.0,-1.6433,-1.0047,1.7,2.569,-0.3947,0,0,1,0.667,0.342,0.658,0,0,0.0,3,MOUNTAIN_DESCENT_CORRIDOR,-0.9702,-0.7346,3.8371,2.8151
790,88.079,-0.319,-7.9356,28.9696,-0.9719,-0.7325,-0.5429,4.785,4.735,29.157,-4.1366,-10.7361,0.2,0.0,0.0,0.0,-1.6585,-0.9777,1.7,2.5684,-0.4322,0,0,1,0.67,0.346,0.654,0,0,0.0,3,MOUNTAIN_DESCENT_CORRIDOR,-0.9719,-0.7325,3.8177,2.8004
791,88.19,-0.3384,-7.9502,28.9587,-0.9729,-0.7294,-0.5434,4.767,4.71,29.142,-4.1366,-10.7361,0.2,0.0,0.0,0.0,-1.6623,-0.9697,1.7,2.5678,-0.3896,0,0,1,0.671,0.348,0.652,0,0,0.0,3,MOUNTAIN_DESCENT_CORRIDOR,-0.9729,-0.7294,3.7982,2.7859
792,88.302,-0.3579,-7.9648,28.9478,-0.9746,-0.7284,-0.5438,4.749,4.686,29.127,-4.1366,-10.7361,0.2,0.0,0.0,0.0,-1.678,-0.9405,1.7,2.5671,-0.4266,0,0,1,0.674,0.351,0.649,0,0,0.0,3,MOUNTAIN_DESCENT_CORRIDOR,-0.9746,-0.7284,3.7787,2.7713
793,88.414,-0.3774,-7.9793,28.9369,-0.9755,-0.7261,-0.544,4.731,4.662,29.113,-4.1366,-10.7361,0.2,0.0,0.0,0.0,-1.6803,-0.9347,1.7,2.5665,-0.3838,0,0,1,0.674,0.347,0.653,0,0,0.0,3,MOUNTAIN_DESCENT_CORRIDOR,-0.9755,-0.7261,3.7592,2.7568
794,88.526,-0.397,-7.9938,28.9261,-0.9771,-0.7254,-0.5442,4.713,4.637,29.098,-4.1366,-10.7361,0.2,0.0,0.0,0.0,-1.6945,-0.9069,1.7,2.5659,-0.4206,0,0,1,0.677,0.346,0.654,0,0,0.0,3,MOUNTAIN_DESCENT_CORRIDOR,-0.9771,-0.7254,3.7397,2.7423
795,88.637,-0.4165,-8.0083,28.9152,-0.9776,-0.7231,-0.5443,4.695,4.613,29.083,-4.1366,-10.7361,0.2,0.0,0.0,0.0,-1.6947,-0.9048,1.7,2.5653,-0.379,0,0,1,0.677,0.346,0.654,0,0,0.0,3,MOUNTAIN_DESCENT_CORRIDOR,-0.9776,-0.7231,3.7201,2.7278
796,88.749,-0.4361,-8.0227,28.9043,-0.9787,-0.722,-0.5444,4.677,4.589,29.069,-4.1366,-10.7361,0.2,0.0,0.0,0.0,-1.7073,-0.8788,1.7,2.5646,-0.4158,0,0,1,0.679,0.348,0.652,0,0,0.0,3,MOUNTAIN_DESCENT_CORRIDOR,-0.9787,-0.722,3.7005,2.7134
797,88.861,-0.4557,-8.0371,28.8934,-0.9789,-0.7189,-0.5446,4.659,4.564,29.054,-4.1366,-10.7361,0.2,0.0,0.0,0.0,-1.7149,-0.8622,1.7,2.564,-0.3898,0,0,1,0.68,0.355,0.645,0,0,0.0,3,MOUNTAIN_DESCENT_CORRIDOR,-0.9789,-0.7189,3.681,2.699
798,88.973,-0.4753,-8.0514,28.8825,-0.9797,-0.7168,-0.5446,4.641,4.54,29.04,-4.1366,-10.7361,0.2,0.0,0.0,0.0,-1.7351,-0.8187,1.7,2.5634,-0.4264,0,0,1,0.683,0.351,0.649,0,0,0.0,3,MOUNTAIN_DESCENT_CORRIDOR,-0.9797,-0.7168,3.6614,2.6847
799,89.085,-0.4949,-8.0657,28.8716,-0.9797,-0.7137,-0.5445,4.623,4.516,29.025,-4.1366,-10.7361,0.2,0.0,0.0,0.0,-1.7403,-0.8056,1.7,2.5628,-0.3833,0,0,1,0.684,0.353,0.647,0,0,0.0,3,MOUNTAIN_DESCENT_CORRIDOR,-0.9797,-0.7137,3.6418,2.6704
800,89.197,-0.5145,-8.08,28.8607,-0.9801,-0.7125,-0.5445,4.605,4.492,29.011,-4.1366,-10.7361,0.2,0.0,0.0,0.0,-1.7589,-0.762,1.7,2.5621,-0.4197,0,0,1,0.687,0.348,0.652,0,0,0.0,3,MOUNTAIN_DESCENT_CORRIDOR,-0.9801,-0.7125,3.6222,2.6561
801,89.31,-0.5341,-8.0942,28.8498,-0.9795,-0.71,-0.5446,4.587,4.467,28.996,-4.1366,-10.7361,0.2,0.0,0.0,0.0,-1.7629,-0.7506,1.7,2.5615,-0.3808,0,0,1,0.687,0.351,0.649,0,0,0.0,3,MOUNTAIN_DESCENT_CORRIDOR,-0.9795,-0.71,3.6026,2.6419
802,89.44,-0.5536,-8.1083,28.8389,-0.9793,-0.709,-0.5445,4.57,4.443,28.982,-4.1366,-10.7361,0.2,0.0,0.0,0.0,-1.7804,-0.7059,1.7,2.5609,-0.4171,0,0,1,0.689,0.356,0.644,0,0,0.0,3,MOUNTAIN_DESCENT_CORRIDOR,-0.9793,-0.709,3.583,2.6277
803,89.552,-0.5732,-8.1225,28.828,-0.9788,-0.7066,-0.5445,4.552,4.419,28.967,-4.1366,-10.7361,0.2,0.0,0.0,0.0,-1.7848,-0.6925,1.7,2.5603,-0.3766,0,0,1,0.69,0.356,0.644,0,0,0.0,3,MOUNTAIN_DESCENT_CORRIDOR,-0.9788,-0.7066,3.5634,2.6136
804,89.663,-0.5928,-8.1366,28.8172,-0.9794,-0.7057,-0.5445,4.534,4.395,28.953,-4.1366,-10.7361,0.2,0.0,0.0,0.0,-1.8008,-0.6473,1.7,2.5597,-0.4126,0,0,1,0.693,0.362,0.638,0,0,0.0,3,MOUNTAIN_DESCENT_CORRIDOR,-0.9794,-0.7057,3.5438,2.5995
805,89.776,-0.6124,-8.1506,28.8063,-0.9795,-0.7032,-0.5446,4.516,4.371,28.938,-4.1366,-10.7361,0.2,0.0,0.0,0.0,-1.8137,-0.6076,1.7,2.559,-0.3831,0,0,1,0.694,0.359,0.641,0,0,0.0,3,MOUNTAIN_DESCENT_CORRIDOR,-0.9795,-0.7032,3.5242,2.5854
806,89.888,-0.632,-8.1647,28.7954,-0.9806,-0.702,-0.5446,4.498,4.347,28.924,-4.1366,-10.7361,0.2,0.0,0.0,0.0,-1.8274,-0.5616,1.7,2.5583,-0.4187,0,0,1,0.698,0.362,0.638,0,0,0.0,3,MOUNTAIN_DESCENT_CORRIDOR,-0.9806,-0.702,3.5046,2.5714
807,90.0,-0.6516,-8.1787,28.7845,-0.9807,-0.7,-0.5445,4.48,4.323,28.909,-4.1366,-10.7361,0.2,0.0,0.0,0.0,-1.8403,-0.5154,1.7,2.5578,-0.3757,0,0,1,0.699,0.361,0.639,0,0,0.0,3,MOUNTAIN_DESCENT_CORRIDOR,-0.9807,-0.7,3.485,2.5574
808,90.112,-0.6712,-8.1927,28.7736,-0.9814,-0.6999,-0.5445,4.463,4.299,28.895,-4.1366,-10.7361,0.2,0.0,0.0,0.0,-1.8516,-0.4687,1.7,2.557,-0.4111,0,0,1,0.702,0.366,0.634,0,0,0.0,3,MOUNTAIN_DESCENT_CORRIDOR,-0.9814,-0.6999,3.4654,2.5434
809,90.224,-0.6909,-8.2067,28.7627,-0.9809,-0.6987,-0.5445,4.445,4.274,28.881,-4.1366,-10.7361,0.2,0.0,0.0,0.0,-1.862,-0.4219,1.7,2.5564,-0.3712,0,0,1,0.702,0.368,0.632,0,0,0.0,3,MOUNTAIN_DESCENT_CORRIDOR,-0.9809,-0.6987,3.4458,2.5294
810,90.336,-0.7105,-8.2206,28.7518,-0.9809,-0.699,-0.5445,4.427,4.25,28.866,-4.1366,-10.7361,0.2,0.0,0.0,0.0,-1.8709,-0.3747,1.7,2.5555,-0.4064,0,0,1,0.705,0.375,0.625,0,0,0.0,3,MOUNTAIN_DESCENT_CORRIDOR,-0.9809,-0.699,3.4261,2.5154
811,90.448,-0.7301,-8.2346,28.7409,-0.9803,-0.6979,-0.5451,4.409,4.226,28.852,-4.1366,-10.7361,0.2,0.0,0.0,0.0,-1.8515,-0.4186,1.652,2.5164,-0.3703,0,0,1,0.705,0.373,0.627,0,0,0.0,3,MOUNTAIN_DESCENT_CORRIDOR,-0.9803,-0.6979,3.4065,2.5015
812,90.56,-0.7497,-8.2486,28.73,-0.9808,-0.6984,-0.5448,4.391,4.202,28.838,-4.1366,-10.7361,0.2,0.0,0.0,0.0,-1.8321,-0.4625,1.604,2.4786,-0.4095,0,0,1,0.707,0.371,0.629,0,0,0.0,3,MOUNTAIN_DESCENT_CORRIDOR,-0.9808,-0.6984,3.3869,2.4875
813,90.672,-0.7693,-8.2625,28.7191,-0.9806,-0.6973,-0.5447,4.374,4.178,28.824,-4.1366,-10.7361,0.2,0.0,0.0,0.0,-1.8126,-0.5064,1.556,2.4419,-0.3801,0,0,1,0.707,0.374,0.626,0,0,0.0,3,MOUNTAIN_DESCENT_CORRIDOR,-0.9806,-0.6973,3.3673,2.4736
814,90.784,-0.7889,-8.2765,28.7082,-0.9813,-0.6975,-0.5446,4.356,4.154,28.809,-4.1366,-10.7361,0.2,0.0,0.0,0.0,-1.7931,-0.5502,1.508,2.4066,-0.4194,0,0,1,0.71,0.375,0.625,0,0,0.0,3,MOUNTAIN_DESCENT_CORRIDOR,-0.9813,-0.6975,3.3477,2.4596
815,90.896,-0.8086,-8.2904,28.6973,-0.981,-0.6967,-0.5445,4.338,4.13,28.795,-4.1366,-10.7361,0.2,0.0,0.0,0.0,-1.7734,-0.594,1.46,2.3727,-0.3797,0,0,1,0.71,0.373,0.627,0,0,0.0,3,MOUNTAIN_DESCENT_CORRIDOR,-0.981,-0.6967,3.3281,2.4457
816,91.007,-0.8282,-8.3043,28.6864,-0.9812,-0.6976,-0.5445,4.32,4.106,28.781,-4.1366,-10.7361,0.2,0.0,0.0,0.0,-1.7538,-0.6378,1.412,2.3402,-0.4192,0,0,1,0.711,0.381,0.619,0,0,0.0,3,MOUNTAIN_DESCENT_CORRIDOR,-0.9812,-0.6976,3.3084,2.4317
817,91.119,-0.8478,-8.3183,28.6756,-0.9804,-0.6969,-0.5445,4.302,4.082,28.767,-4.1366,-10.7361,0.2,0.0,0.0,0.0,-1.734,-0.6816,1.364,2.3091,-0.3849,0,0,1,0.711,0.384,0.616,0,0,0.0,3,MOUNTAIN_DESCENT_CORRIDOR,-0.9804,-0.6969,3.2888,2.4178
818,91.231,-0.8674,-8.3322,28.6647,-0.98,-0.6976,-0.5445,4.285,4.058,28.752,-4.1366,-10.7361,0.2,0.0,0.0,0.0,-1.7142,-0.7253,1.316,2.2796,-0.4248,0,0,1,0.713,0.389,0.611,0,0,0.0,3,MOUNTAIN_DESCENT_CORRIDOR,-0.98,-0.6976,3.2692,2.4039
819,91.342,-0.887,-8.3462,28.6538,-0.9795,-0.6968,-0.5445,4.267,4.034,28.738,-4.1366,-10.7361,0.2,0.0,0.0,0.0,-1.6943,-0.769,1.268,2.2517,-0.3975,0,0,1,0.714,0.389,0.611,0,0,0.0,3,MOUNTAIN_DESCENT_CORRIDOR,-0.9795,-0.6968,3.2496,2.3899
820,91.454,-0.9066,-8.3601,28.6429,-0.9804,-0.6975,-0.5448,4.249,4.01,28.724,-4.1366,-10.7361,0.2,0.0,0.0,0.0,-1.6743,-0.8126,1.22,2.2254,-0.4342,0,0,1,0.718,0.384,0.616,0,0,0.0,3,MOUNTAIN_DESCENT_CORRIDOR,-0.9804,-0.6975,3.23,2.376
821,91.566,-0.9262,-8.3741,28.632,-0.9809,-0.6973,-0.5451,4.231,3.986,28.71,-4.1366,-10.7361,0.2,0.0,0.0,0.0,-1.6543,-0.8562,1.172,2.2008,-0.3897,0,0,1,0.719,0.384,0.616,0,0,0.0,3,MOUNTAIN_DESCENT_CORRIDOR,-0.9809,-0.6973,3.2104,2.362
822,91.678,-0.9459,-8.3881,28.6211,-0.9825,-0.6997,-0.5448,4.213,3.962,28.696,-4.1366,-10.7361,0.2,0.0,0.0,0.0,-1.6343,-0.8999,1.124,2.1781,-0.4236,0,0,1,0.722,0.39,0.61,0,0,0.0,3,MOUNTAIN_DESCENT_CORRIDOR,-0.9825,-0.6997,3.1908,2.348
823,91.79,-0.9655,-8.4021,28.6102,-0.9836,-0.7012,-0.5446,4.196,3.937,28.682,-4.1366,-10.7361,0.2,0.0,0.0,0.0,-1.6142,-0.9435,1.076,2.1572,-0.3785,0,0,1,0.723,0.388,0.612,0,0,0.0,3,MOUNTAIN_DESCENT_CORRIDOR,-0.9836,-0.7012,3.1711,2.334
824,91.902,-0.9852,-8.4162,28.5993,-0.9858,-0.7049,-0.5446,4.178,3.913,28.668,-4.1366,-10.7361,0.2,0.0,0.0,0.0,-1.5942,-0.9871,1.028,2.1383,-0.4118,0,0,1,0.726,0.398,0.602,0,0,0.0,3,MOUNTAIN_DESCENT_CORRIDOR,-0.9858,-0.7049,3.1514,2.3199
825,92.014,-1.005,-8.4303,28.5884,-0.9874,-0.7075,-0.5452,4.16,3.889,28.654,-4.1366,-10.7361,0.2,0.0,0.0,0.0,-1.5741,-1.0307,0.98,2.1214,-0.3737,0,0,1,0.727,0.398,0.602,0,0,0.0,3,MOUNTAIN_DESCENT_CORRIDOR,-0.9874,-0.7075,3.1316,2.3058
826,92.126,-1.0248,-8.4446,28.5775,-0.99,-0.7117,-0.545,4.142,3.865,28.639,-4.1366,-10.7361,0.2,0.0,0.0,0.0,-1.554,-1.0743,0.932,2.1066,-0.4115,0,0,1,0.729,0.4,0.6,0,0,0.0,3,MOUNTAIN_DESCENT_CORRIDOR,-0.99,-0.7117,3.1118,2.2915
827,92.238,-1.0446,-8.4589,28.5666,-0.9919,-0.7146,-0.5448,4.124,3.84,28.625,-4.1366,-10.7361,0.2,0.0,0.0,0.0,-1.5339,-1.1179,0.884,2.0938,-0.3715,0,0,1,0.729,0.399,0.601,0,0,0.0,3,MOUNTAIN_DESCENT_CORRIDOR,-0.9919,-0.7146,3.092,2.2772
828,92.35,-1.0645,-8.4732,28.5557,-0.9947,-0.7191,-0.5448,4.106,3.816,28.611,-4.1366,-10.7361,0.2,0.0,0.0,0.0,-1.5298,-1.1268,0.836,2.0758,-0.4092,0,0,1,0.73,0.403,0.597,0,0,0.0,3,MOUNTAIN_DESCENT_CORRIDOR,-0.9947,-0.7191,3.0721,2.2628
829,92.462,-1.0845,-8.4877,28.5448,-0.9966,-0.7218,-0.5447,4.088,3.791,28.597,-4.1366,-10.7361,0.2,0.0,0.0,0.0,-1.5297,-1.1269,0.788,2.0569,-0.3689,0,0,1,0.731,0.399,0.601,0,0,0.0,3,MOUNTAIN_DESCENT_CORRIDOR,-0.9966,-0.7218,3.0522,2.2484
830,92.574,-1.1044,-8.5022,28.5339,-0.9994,-0.7256,-0.5447,4.07,3.766,28.583,-4.1366,-10.7361,0.2,0.0,0.0,0.0,-1.5297,-1.127,0.74,2.039,-0.4066,0,0,1,0.732,0.403,0.597,0,0,0.0,3,MOUNTAIN_DESCENT_CORRIDOR,-0.9994,-0.7256,3.0322,2.2339
831,92.686,-1.1245,-8.5167,28.523,-1.0012,-0.7273,-0.5447,4.052,3.741,28.569,-4.1366,-10.7361,0.2,0.0,0.0,0.0,-1.5296,-1.127,0.692,2.0221,-0.3702,0,0,1,0.732,0.396,0.604,0,0,0.0,3,MOUNTAIN_DESCENT_CORRIDOR,-1.0012,-0.7273,3.0122,2.2193
832,92.797,-1.1445,-8.5313,28.5121,-1.0036,-0.7298,-0.5447,4.034,3.717,28.555,-4.1366,-10.7361,0.2,0.0,0.0,0.0,-1.5296,-1.1271,0.644,2.0062,-0.408,0,0,1,0.733,0.403,0.597,0,0,0.0,3,MOUNTAIN_DESCENT_CORRIDOR,-1.0036,-0.7298,2.9921,2.2048
833,92.909,-1.1646,-8.5459,28.5012,-1.0049,-0.7301,-0.5447,4.016,3.692,28.541,-4.1366,-10.7361,0.2,0.0,0.0,0.0,-1.5295,-1.1272,0.596,1.9913,-0.3752,0,0,1,0.734,0.409,0.591,0,0,0.0,3,MOUNTAIN_DESCENT_CORRIDOR,-1.0049,-0.7301,2.972,2.1902
834,93.021,-1.1848,-8.5606,28.4903,-1.0066,-0.7311,-0.5447,3.998,3.667,28.527,-4.1366,-10.7361,0.2,0.0,0.0,0.0,-1.5295,-1.1272,0.548,1.9774,-0.413,0,0,1,0.735,0.411,0.589,0,0,0.0,3,MOUNTAIN_DESCENT_CORRIDOR,-1.0066,-0.7311,2.9518,2.1755
835,93.133,-1.2049,-8.5752,28.4794,-1.0069,-0.7302,-0.5446,3.98,3.642,28.513,-4.1366,-10.7361,0.2,0.0,0.0,0.0,-1.5294,-1.1273,0.5,1.9647,-0.3717,0,0,1,0.735,0.41,0.59,0,0,0.0,3,MOUNTAIN_DESCENT_CORRIDOR,-1.0069,-0.7302,2.9317,2.1609
836,93.245,-1.2251,-8.5898,28.4686,-1.0072,-0.7302,-0.5446,3.961,3.617,28.499,-4.1366,-10.7361,0.2,0.0,0.0,0.0,-1.5294,-1.1274,0.452,1.953,-0.4097,0,0,1,0.737,0.414,0.586,0,0,0.0,3,MOUNTAIN_DESCENT_CORRIDOR,-1.0072,-0.7302,2.9116,2.1463
837,93.357,-1.2452,-8.6043,28.4577,-1.0061,-0.7279,-0.5448,3.943,3.592,28.485,-4.1366,-10.7361,0.2,0.0,0.0,0.0,-1.5293,-1.1275,0.404,1.9425,-0.3944,0,0,1,0.738,0.412,0.588,0,0,0.0,3,MOUNTAIN_DESCENT_CORRIDOR,-1.0061,-0.7279,2.8914,2.1318
838,93.468,-1.2653,-8.6188,28.4468,-1.0049,-0.7262,-0.5447,3.925,3.568,28.471,-4.1366,-10.7361,0.2,0.0,0.0,0.0,-1.5292,-1.1276,0.356,1.9331,-0.4327,0,0,1,0.74,0.417,0.583,0,0,0.0,3,MOUNTAIN_DESCENT_CORRIDOR,-1.0049,-0.7262,2.8713,2.1172
839,93.581,-1.2853,-8.6333,28.4359,-1.0033,-0.724,-0.5446,3.907,3.543,28.457,-4.1366,-10.7361,0.2,0.0,0.0,0.0,-1.5291,-1.1277,0.308,1.9248,-0.3907,0,0,1,0.741,0.418,0.582,0,0,0.0,3,MOUNTAIN_DESCENT_CORRIDOR,-1.0033,-0.724,2.8513,2.1028
840,93.693,-1.3054,-8.6478,28.425,-1.0028,-0.724,-0.5445,3.889,3.518,28.443,-4.1366,-10.7361,0.2,0.0,0.0,0.0,-1.5291,-1.1278,0.26,1.9177,-0.4288,0,0,1,0.743,0.422,0.578,0,0,0.0,3,MOUNTAIN_DESCENT_CORRIDOR,-1.0028,-0.724,2.8312,2.0883
841,93.804,-1.3254,-8.6623,28.4141,-1.0017,-0.7232,-0.5445,3.871,3.493,28.43,-4.1366,-10.7361,0.2,0.0,0.0,0.0,-1.529,-1.1279,0.212,1.9118,-0.3866,0,0,1,0.744,0.422,0.578,0,0,0.0,3,MOUNTAIN_DESCENT_CORRIDOR,-1.0017,-0.7232,2.8112,2.0738
842,93.916,-1.3455,-8.6768,28.4032,-1.0016,-0.7242,-0.5445,3.853,3.469,28.416,-4.1366,-10.7361,0.2,0.0,0.0,0.0,-1.5289,-1.128,0.164,1.9071,-0.4246,0,0,1,0.746,0.425,0.575,0,0,0.0,3,MOUNTAIN_DESCENT_CORRIDOR,-1.0016,-0.7242,2.7912,2.0593
843,94.028,-1.3655,-8.6912,28.3923,-1.0009,-0.7239,-0.5445,3.835,3.444,28.402,-4.1366,-10.7361,0.2,0.0,0.0,0.0,-1.5288,-1.1281,0.116,1.9035,-0.3823,0,0,1,0.746,0.425,0.575,0,0,0.0,3,MOUNTAIN_DESCENT_CORRIDOR,-1.0009,-0.7239,2.7711,2.0449
844,94.139,-1.3855,-8.7057,28.3814,-1.001,-0.7252,-0.5445,3.817,3.419,28.388,-4.1366,-10.7361,0.2,0.0,0.0,0.0,-1.5288,-1.1282,0.068,1.9012,-0.4201,0,0,1,0.748,0.428,0.572,0,0,0.0,3,MOUNTAIN_DESCENT_CORRIDOR,-1.001,-0.7252,2.7511,2.0303
845,94.251,-1.4055,-8.7202,28.3705,-1.0003,-0.7247,-0.5444,3.799,3.395,28.374,-4.1366,-10.7361,0.2,0.0,0.0,0.0,-1.5287,-1.1283,0.02,1.9001,-0.3777,0,0,1,0.748,0.427,0.573,0,0,0.0,3,MOUNTAIN_DESCENT_CORRIDOR,-1.0003,-0.7247,2.7311,2.0159
846,94.363,-1.4255,-8.7347,28.3596,-1.0003,-0.7253,-0.5445,3.781,3.37,28.361,-4.1366,-10.7361,0.2,0.0,0.0,0.0,-1.5286,-1.1284,-0.028,1.9002,-0.4154,0,0,1,0.749,0.428,0.572,0,0,0.0,3,MOUNTAIN_DESCENT_CORRIDOR,-1.0003,-0.7253,2.7111,2.0013
847,94.474,-1.4455,-8.7492,28.3488,-0.9995,-0.7238,-0.5446,3.763,3.345,28.347,-4.1366,-10.7361,0.2,0.0,0.0,0.0,-1.5285,-1.1285,-0.076,1.9015,-0.3916,0,0,1,0.75,0.43,0.57,0,0,0.0,3,MOUNTAIN_DESCENT_CORRIDOR,-0.9995,-0.7238,2.6911,1.9869
848,94.586,-1.4655,-8.7637,28.3379,-0.9992,-0.723,-0.5446,3.745,3.32,28.333,-4.1366,-10.7361,0.2,0.0,0.0,0.0,-1.5285,-1.1286,-0.124,1.904,-0.4293,0,0,1,0.752,0.434,0.566,0,0,0.0,3,MOUNTAIN_DESCENT_CORRIDOR,-0.9992,-0.723,2.6711,1.9724
849,94.698,-1.4854,-8.7781,28.327,-0.9974,-0.7212,-0.5446,3.727,3.296,28.319,-4.1366,-10.7361,0.2,0.0,0.0,0.0,-1.5284,-1.1288,-0.172,1.9078,-0.39,0,0,1,0.753,0.43,0.57,0,0,0.0,3,MOUNTAIN_DESCENT_CORRIDOR,-0.9974,-0.7212,2.6512,1.958
850,94.81,-1.5053,-8.7925,28.3161,-0.9957,-0.7213,-0.5445,3.709,3.271,28.306,-4.1366,-10.7361,0.2,0.0,0.0,0.0,-1.5283,-1.1289,-0.22,1.9127,-0.4278,0,0,1,0.755,0.434,0.566,0,0,0.0,3,MOUNTAIN_DESCENT_CORRIDOR,-0.9957,-0.7213,2.6313,1.9436
851,94.922,-1.5252,-8.8069,28.3052,-0.993,-0.7203,-0.5445,3.691,3.247,28.292,-4.1366,-10.7361,0.2,0.0,0.0,0.0,-1.5282,-1.129,-0.268,1.9188,-0.3846,0,0,1,0.756,0.428,0.572,0,0,0.0,3,MOUNTAIN_DESCENT_CORRIDOR,-0.993,-0.7203,2.6114,1.9292
852,95.034,-1.545,-8.8213,28.2943,-0.991,-0.721,-0.5445,3.673,3.222,28.278,-4.1366,-10.7361,0.2,0.0,0.0,0.0,-1.5282,-1.129,-0.316,1.9261,-0.4224,0,0,1,0.758,0.436,0.564,0,0,0.0,3,MOUNTAIN_DESCENT_CORRIDOR,-0.991,-0.721,2.5916,1.9147
853,95.146,-1.5648,-8.8358,28.2834,-0.9879,-0.7202,-0.5446,3.655,3.198,28.265,-4.1366,-10.7361,0.2,0.0,0.0,0.0,-1.5281,-1.1291,-0.364,1.9346,-0.3831,0,0,1,0.758,0.432,0.568,0,0,0.0,3,MOUNTAIN_DESCENT_CORRIDOR,-0.9879,-0.7202,2.5718,1.9003
854,95.258,-1.5845,-8.8502,28.2725,-0.9852,-0.7208,-0.5445,3.637,3.173,28.251,-4.1366,-10.7361,0.2,0.0,0.0,0.0,-1.5281,-1.1292,-0.412,1.9442,-0.4209,0,0,1,0.76,0.439,0.561,0,0,0.0,3,MOUNTAIN_DESCENT_CORRIDOR,-0.9852,-0.7208,2.5521,1.8859
855,95.37,-1.6041,-8.8646,28.2616,-0.9822,-0.7197,-0.5445,3.619,3.149,28.238,-4.1366,-10.7361,0.2,0.0,0.0,0.0,-1.528,-1.1292,-0.46,1.9549,-0.3775,0,0,1,0.76,0.434,0.566,0,0,0.0,3,MOUNTAIN_DESCENT_CORRIDOR,-0.9822,-0.7197,2.5325,1.8715
856,95.481,-1.6237,-8.879,28.2507,-0.9802,-0.72,-0.5445,3.601,3.125,28.224,-4.1366,-10.7361,0.2,0.0,0.0,0.0,-1.528,-1.1293,-0.508,1.9667,-0.4149,0,0,1,0.762,0.435,0.565,0,0,0.0,3,MOUNTAIN_DESCENT_CORRIDOR,-0.9802,-0.72,2.5129,1.8571
857,95.602,-1.6433,-8.8933,28.2398,-0.9778,-0.7183,-0.5446,3.583,3.1,28.211,-4.1366,-10.7361,0.2,0.0,0.0,0.0,-1.528,-1.1293,-0.556,1.9797,-0.3864,0,0,1,0.763,0.434,0.566,0,0,0.0,3,MOUNTAIN_DESCENT_CORRIDOR,-0.9778,-0.7183,2.4933,1.8428
858,95.728,-1.6628,-8.9077,28.229,-0.9764,-0.7175,-0.5446,3.565,3.076,28.197,-4.1366,-10.7361,0.2,0.0,0.0,0.0,-1.528,-1.1293,-0.604,1.9937,-0.4236,0,0,1,0.765,0.44,0.56,0,0,0.0,3,MOUNTAIN_DESCENT_CORRIDOR,-0.9764,-0.7175,2.4738,1.8284
859,95.847,-1.6823,-8.922,28.2181,-0.974,-0.7155,-0.5446,3.547,3.052,28.184,-4.1366,-10.7361,0.2,0.0,0.0,0.0,-1.5279,-1.1294,-0.652,2.0088,-0.3857,0,0,1,0.765,0.442,0.558,0,0,0.0,3,MOUNTAIN_DESCENT_CORRIDOR,-0.974,-0.7155,2.4543,1.8141
860,95.967,-1.7017,-8.9363,28.2072,-0.9721,-0.7153,-0.5446,3.529,3.028,28.17,-4.1366,-10.7361,0.2,0.0,0.0,0.0,-1.5279,-1.1294,-0.7,2.0248,-0.4228,0,0,1,0.768,0.446,0.554,0,0,0.0,3,MOUNTAIN_DESCENT_CORRIDOR,-0.9721,-0.7153,2.4349,1.7998
861,96.092,-1.7211,-8.9506,28.1963,-0.9702,-0.7139,-0.5445,3.511,3.004,28.157,-4.1366,-10.7361,0.2,0.0,0.0,0.0,-1.5279,-1.1294,-0.748,2.0419,-0.3794,0,0,1,0.768,0.439,0.561,0,0,0.0,3,MOUNTAIN_DESCENT_CORRIDOR,-0.9702,-0.7139,2.4155,1.7855
862,96.217,-1.7405,-8.9649,28.1854,-0.9698,-0.7143,-0.5445,3.493,2.98,28.144,-4.1366,-10.7361,0.2,0.0,0.0,0.0,-1.5279,-1.1294,-0.796,2.06,-0.416,0,0,1,0.77,0.443,0.557,0,0,0.0,3,MOUNTAIN_DESCENT_CORRIDOR,-0.9698,-0.7143,2.3961,1.7712
863,96.338,-1.7599,-8.9791,28.1745,-0.9692,-0.7132,-0.5444,3.475,2.956,28.13,-4.1366,-10.7361,0.2,0.0,0.0,0.0,-1.5279,-1.1295,-0.844,2.079,-0.3733,0,0,1,0.77,0.442,0.558,0,0,0.0,3,MOUNTAIN_DESCENT_CORRIDOR,-0.9692,-0.7132,2.3767,1.757
864,96.45,-1.7793,-8.9934,28.1636,-0.97,-0.7134,-0.5444,3.458,2.932,28.117,-4.1366,-10.7361,0.2,0.0,0.0,0.0,-1.5278,-1.1295,-0.892,2.099,-0.4095,0,0,1,0.772,0.445,0.555,0,0,0.0,3,MOUNTAIN_DESCENT_CORRIDOR,-0.97,-0.7134,2.3573,1.7427
865,96.562,-1.7987,-9.0076,28.1527,-0.9704,-0.7117,-0.5445,3.44,2.907,28.104,-4.1366,-10.7361,0.2,0.0,0.0,0.0,-1.5278,-1.1295,-0.94,2.1198,-0.389,0,0,1,0.773,0.448,0.552,0,0,0.0,3,MOUNTAIN_DESCENT_CORRIDOR,-0.9704,-0.7117,2.3379,1.7285
866,96.674,-1.8182,-9.0218,28.1418,-0.9721,-0.7111,-0.5445,3.422,2.883,28.09,-4.1366,-10.7361,0.2,0.0,0.0,0.0,-1.5277,-1.1296,-0.988,2.1415,-0.4232,0,0,1,0.776,0.457,0.543,0,0,0.0,3,MOUNTAIN_DESCENT_CORRIDOR,-0.9721,-0.7111,2.3184,1.7142
867,96.786,-1.8376,-9.036,28.1309,-0.9728,-0.71,-0.5444,3.404,2.859,28.077,-4.1366,-10.7361,0.2,0.0,0.0,0.0,-1.5277,-1.1297,-1.036,2.1641,-0.3804,0,0,1,0.776,0.459,0.541,0,0,0.0,3,MOUNTAIN_DESCENT_CORRIDOR,-0.9728,-0.71,2.299,1.7
868,96.898,-1.8571,-9.0503,28.1201,-0.9742,-0.7112,-0.5444,3.386,2.835,28.064,-4.1366,-10.7361,0.2,0.0,0.0,0.0,-1.5276,-1.1298,-1.084,2.1875,-0.416,0,0,1,0.779,0.459,0.541,0,0,0.0,3,MOUNTAIN_DESCENT_CORRIDOR,-0.9742,-0.7112,2.2795,1.6858
869,97.01,-1.8766,-9.0645,28.1092,-0.9746,-0.7114,-0.5443,3.368,2.811,28.05,-4.1366,-10.7361,0.2,0.0,0.0,0.0,-1.5276,-1.1298,-1.132,2.2117,-0.3731,0,0,1,0.779,0.462,0.538,0,0,0.0,3,MOUNTAIN_DESCENT_CORRIDOR,-0.9746,-0.7114,2.26,1.6716
870,97.122,-1.8961,-9.0788,28.0983,-0.9755,-0.7135,-0.5444,3.35,2.787,28.037,-4.1366,-10.7361,0.2,0.0,0.0,0.0,-1.5275,-1.1299,-1.18,2.2366,-0.4085,0,0,1,0.781,0.459,0.541,0,0,0.0,3,MOUNTAIN_DESCENT_CORRIDOR,-0.9755,-0.7135,2.2405,1.6573
871,97.236,-1.9156,-9.0931,28.0874,-0.9752,-0.7143,-0.5447,3.332,2.763,28.024,-4.1366,-10.7361,0.2,0.0,0.0,0.0,-1.5275,-1.13,-1.228,2.2623,-0.3696,0,0,1,0.782,0.464,0.536,0,0,0.0,3,MOUNTAIN_DESCENT_CORRIDOR,-0.9752,-0.7143,2.221,1.643
872,97.35,-1.9351,-9.1074,28.0765,-0.9754,-0.7165,-0.5446,3.314,2.738,28.011,-4.1366,-10.7361,0.2,0.0,0.0,0.0,-1.5274,-1.13,-1.276,2.2887,-0.406,0,0,1,0.784,0.462,0.538,0,0,0.0,3,MOUNTAIN_DESCENT_CORRIDOR,-0.9754,-0.7165,2.2015,1.6287
873,97.463,-1.9546,-9.1217,28.0656,-0.9748,-0.7173,-0.5446,3.296,2.714,27.997,-4.1366,-10.7361,0.2,0.0,0.0,0.0,-1.5274,-1.1301,-1.324,2.3158,-0.3644,0,0,1,0.784,0.47,0.53,0,0,0.0,3,MOUNTAIN_DESCENT_CORRIDOR,-0.9748,-0.7173,2.182,1.6144
874,97.577,-1.9741,-9.1361,28.0547,-0.9752,-0.7194,-0.5445,3.278,2.69,27.984,-4.1366,-10.7361,0.2,0.0,0.0,0.0,-1.5274,-1.1301,-1.372,2.3436,-0.4008,0,0,1,0.786,0.468,0.532,0,0,0.0,3,MOUNTAIN_DESCENT_CORRIDOR,-0.9752,-0.7194,2.1625,1.6
875,97.69,-1.9936,-9.1505,28.0438,-0.9747,-0.7197,-0.5451,3.26,2.666,27.971,-4.1366,-10.7361,0.2,0.0,0.0,0.0,-1.5274,-1.1301,-1.42,2.372,-0.3633,0,0,1,0.786,0.471,0.529,0,0,0.0,3,MOUNTAIN_DESCENT_CORRIDOR,-0.9747,-0.7197,2.143,1.5856
876,97.808,-2.0131,-9.1649,28.0329,-0.9749,-0.7209,-0.5448,3.242,2.642,27.958,-4.1366,-10.7361,0.2,0.0,0.0,0.0,-1.5274,-1.1301,-1.468,2.401,-0.4028,0,0,1,0.787,0.475,0.525,0,0,0.0,3,MOUNTAIN_DESCENT_CORRIDOR,-0.9749,-0.7209,2.1235,1.5712
877,97.921,-2.0326,-9.1793,28.022,-0.9742,-0.72,-0.5449,3.224,2.617,27.945,-4.1366,-10.7361,0.2,0.0,0.0,0.0,-1.5274,-1.1301,-1.5,2.4207,-0.3829,0,0,1,0.788,0.475,0.525,0,0,0.0,3,MOUNTAIN_DESCENT_CORRIDOR,-0.9742,-0.72,2.104,1.5568
878,98.035,-2.0521,-9.1937,28.0111,-0.9742,-0.7199,-0.5447,3.206,2.593,27.932,-4.1366,-10.7361,0.2,0.0,0.0,0.0,-1.5274,-1.1301,-1.5,2.4207,-0.4226,0,0,1,0.79,0.477,0.523,0,0,0.0,3,MOUNTAIN_DESCENT_CORRIDOR,-0.9742,-0.7199,2.0845,1.5424
879,98.147,-2.0716,-9.2081,28.0002,-0.9736,-0.7188,-0.5446,3.189,2.569,27.919,-4.1366,-10.7361,0.2,0.0,0.0,0.0,-1.5274,-1.1301,-1.5,2.4207,-0.3829,0,0,1,0.79,0.482,0.518,0,0,0.0,3,MOUNTAIN_DESCENT_CORRIDOR,-0.9736,-0.7188,2.0651,1.528
880,98.261,-2.091,-9.2225,27.9893,-0.9741,-0.7196,-0.5445,3.171,2.545,27.906,-4.1366,-10.7361,0.2,0.0,0.0,0.0,-1.5273,-1.1301,-1.5,2.4207,-0.4227,0,0,1,0.792,0.48,0.52,0,0,0.0,3,MOUNTAIN_DESCENT_CORRIDOR,-0.9741,-0.7196,2.0456,1.5136
881,98.374,-2.1105,-9.2369,27.9785,-0.9739,-0.719,-0.5444,3.153,2.52,27.893,-4.1366,-10.7361,0.2,0.0,0.0,0.0,-1.5273,-1.1301,-1.5,2.4207,-0.3826,0,0,1,0.792,0.483,0.517,0,0,0.0,3,MOUNTAIN_DESCENT_CORRIDOR,-0.9739,-0.719,2.0261,1.4992
882,98.487,-2.13,-9.2513,27.9676,-0.9745,-0.72,-0.5444,3.135,2.496,27.88,-4.1366,-10.7361,0.2,0.0,0.0,0.0,-1.5273,-1.1302,-1.5,2.4207,-0.4225,0,0,1,0.794,0.481,0.519,0,0,0.0,3,MOUNTAIN_DESCENT_CORRIDOR,-0.9745,-0.72,2.0066,1.4848
883,98.6,-2.1495,-9.2657,27.9567,-0.9743,-0.7193,-0.5444,3.117,2.472,27.867,-4.1366,-10.7361,0.2,0.0,0.0,0.0,-1.5273,-1.1302,-1.5,2.4207,-0.382,0,0,1,0.794,0.479,0.521,0,0,0.0,3,MOUNTAIN_DESCENT_CORRIDOR,-0.9743,-0.7193,1.9871,1.4704
884,98.712,-2.169,-9.2801,27.9458,-0.9749,-0.7197,-0.5446,3.099,2.448,27.854,-4.1366,-10.7361,0.2,0.0,0.0,0.0,-1.5273,-1.1302,-1.5,2.4207,-0.4217,0,0,1,0.795,0.482,0.518,0,0,0.0,3,MOUNTAIN_DESCENT_CORRIDOR,-0.9749,-0.7197,1.9676,1.456
885,98.824,-2.1885,-9.2944,27.9349,-0.9746,-0.7179,-0.5448,3.081,2.424,27.841,-4.1366,-10.7361,0.2,0.0,0.0,0.0,-1.5273,-1.1302,-1.5,2.4207,-0.4051,0,0,1,0.796,0.487,0.513,0,0,0.0,3,MOUNTAIN_DESCENT_CORRIDOR,-0.9746,-0.7179,1.9481,1.4417
886,98.936,-2.208,-9.3088,27.924,-0.9749,-0.7169,-0.5447,3.063,2.399,27.828,-4.1366,-10.7361,0.2,0.0,0.0,0.0,-1.5272,-1.1303,-1.5,2.4207,-0.4407,0,0,1,0.799,0.49,0.51,0,0,0.0,3,MOUNTAIN_DESCENT_CORRIDOR,-0.9749,-0.7169,1.9286,1.4273
887,99.048,-2.2275,-9.3231,27.9131,-0.9748,-0.7154,-0.5447,3.045,2.375,27.815,-4.1366,-10.7361,0.2,0.0,0.0,0.0,-1.5272,-1.1303,-1.5,2.4207,-0.4026,0,0,1,0.801,0.484,0.516,0,0,0.0,3,MOUNTAIN_DESCENT_CORRIDOR,-0.9748,-0.7154,1.9091,1.413
888,99.16,-2.247,-9.3374,27.9022,-0.9757,-0.7167,-0.5454,3.027,2.351,27.802,-4.1366,-10.7361,0.2,0.0,0.0,0.0,-1.5272,-1.1304,-1.5,2.4207,-0.4174,0,0,1,0.803,0.49,0.51,0,0,0.0,3,MOUNTAIN_DESCENT_CORRIDOR,-0.9757,-0.7167,1.8896,1.3987
889,99.272,-2.2665,-9.3518,27.8913,-0.9763,-0.7178,-0.5452,3.009,2.327,27.789,-4.1366,-10.7361,0.2,0.0,0.0,0.0,-1.5271,-1.1304,-1.5,2.4207,-0.3716,0,0,1,0.803,0.489,0.511,0,0,0.0,3,MOUNTAIN_DESCENT_CORRIDOR,-0.9763,-0.7178,1.8701,1.3843
890,99.385,-2.2861,-9.3662,27.8804,-0.9788,-0.7202,-0.545,2.991,2.302,27.776,-4.1366,-10.7361,0.2,0.0,0.0,0.0,-1.5271,-1.1305,-1.5,2.4207,-0.4033,0,0,1,0.805,0.49,0.51,0,0,0.0,3,MOUNTAIN_DESCENT_CORRIDOR,-0.9788,-0.7202,1.8505,1.3699
891,99.497,-2.3057,-9.3806,27.8695,-0.9814,-0.7207,-0.5449,2.973,2.278,27.763,-4.1366,-10.7361,0.2,0.0,0.0,0.0,-1.527,-1.1306,-1.5,2.4207,-0.3896,0,0,1,0.806,0.491,0.509,0,0,0.0,3,MOUNTAIN_DESCENT_CORRIDOR,-0.9814,-0.7207,1.8309,1.3555
892,99.609,-2.3254,-9.395,27.8586,-0.9853,-0.7219,-0.5456,2.955,2.254,27.75,-4.1366,-10.7361,0.2,0.0,0.0,0.0,-1.527,-1.1306,-1.5,2.4207,-0.4234,0,0,1,0.808,0.494,0.506,0,0,0.0,3,MOUNTAIN_DESCENT_CORRIDOR,-0.9853,-0.7219,1.8112,1.3411
893,99.721,-2.3452,-9.4095,27.8477,-0.9885,-0.7226,-0.5452,2.937,2.229,27.737,-4.1366,-10.7361,0.2,0.0,0.0,0.0,-1.5269,-1.1307,-1.5,2.4207,-0.3814,0,0,1,0.809,0.495,0.505,0,0,0.0,3,MOUNTAIN_DESCENT_CORRIDOR,-0.9885,-0.7226,1.7914,1.3266
894,99.833,-2.3651,-9.424,27.8368,-0.9927,-0.7255,-0.5451,2.919,2.205,27.725,-4.1366,-10.7361,0.2,0.0,0.0,0.0,-1.5268,-1.1308,-1.5,2.4207,-0.4163,0,0,1,0.811,0.498,0.502,0,0,0.0,3,MOUNTAIN_DESCENT_CORRIDOR,-0.9927,-0.7255,1.7716,1.3121
895,99.945,-2.385,-9.4385,27.8259,-0.9962,-0.7273,-0.5451,2.901,2.18,27.712,-4.1366,-10.7361,0.2,0.0,0.0,0.0,-1.5267,-1.131,-1.5,2.4207,-0.3743,0,0,1,0.811,0.494,0.506,0,0,0.0,3,MOUNTAIN_DESCENT_CORRIDOR,-0.9962,-0.7273,1.7516,1.2976
896,100.057,-2.405,-9.4531,27.815,-1.0003,-0.7308,-0.5452,2.883,2.155,27.699,-4.1366,-10.7361,0.2,0.0,0.0,0.0,-1.5266,-1.1311,-1.5,2.4207,-0.4079,0,0,1,0.813,0.501,0.499,0,0,0.0,3,MOUNTAIN_DESCENT_CORRIDOR,-1.0003,-0.7308,1.7316,1.283
897,100.169,-2.4251,-9.4678,27.8041,-1.0032,-0.7326,-0.5453,2.865,2.13,27.686,-4.1366,-10.7361,0.2,0.0,0.0,0.0,-1.5268,-1.1308,-1.5,2.4207,-0.3658,0,0,1,0.813,0.501,0.499,0,0,0.0,3,MOUNTAIN_DESCENT_CORRIDOR,-1.0032,-0.7326,1.7116,1.2683
898,100.282,-2.4452,-9.4825,27.7932,-1.006,-0.7356,-0.5452,2.846,2.105,27.673,-4.1366,-10.7361,0.2,0.0,0.0,0.0,-1.5294,-1.1273,-1.5,2.4207,-0.4015,0,0,1,0.815,0.503,0.497,0,0,0.0,3,MOUNTAIN_DESCENT_CORRIDOR,-1.006,-0.7356,1.6915,1.2536
899,100.394,-2.4653,-9.4972,27.7822,-1.0067,-0.7364,-0.5456,2.828,2.08,27.661,-4.1366,-10.7361,0.2,0.0,0.0,0.0,-1.5305,-1.1259,-1.5,2.4207,-0.3619,0,0,1,0.815,0.501,0.499,0,0,0.0,3,MOUNTAIN_DESCENT_CORRIDOR,-1.0067,-0.7364,1.6713,1.2389
900,100.506,-2.4855,-9.512,27.7713,-1.0072,-0.7379,-0.5453,2.81,2.055,27.648,-4.1366,-10.7361,0.2,0.0,0.0,0.0,-1.5343,-1.1207,-1.5,2.4207,-0.3998,0,0,1,0.817,0.503,0.497,0,0,0.0,3,MOUNTAIN_DESCENT_CORRIDOR,-1.0072,-0.7379,1.6512,1.2241
901,100.618,-2.5056,-9.5267,27.7604,-1.0056,-0.737,-0.545,2.792,2.03,27.635,-4.1366,-10.7361,0.2,0.0,0.0,0.0,-1.5346,-1.1203,-1.5,2.4207,-0.3588,0,0,1,0.817,0.501,0.499,0,0,0.0,3,MOUNTAIN_DESCENT_CORRIDOR,-1.0056,-0.737,1.6311,1.2094
902,100.73,-2.5256,-9.5415,27.7496,-1.0035,-0.7366,-0.5446,2.774,2.006,27.622,-4.1366,-10.7361,0.2,0.0,0.0,0.0,-1.5403,-1.1124,-1.5,2.4207,-0.3971,0,0,1,0.818,0.501,0.499,0,0,0.0,3,MOUNTAIN_DESCENT_CORRIDOR,-1.0035,-0.7366,1.611,1.1946
903,100.842,-2.5456,-9.5561,27.7387,-0.9994,-0.7332,-0.5442,2.756,1.981,27.61,-4.1366,-10.7361,0.2,0.0,0.0,0.0,-1.5395,-1.1135,-1.5,2.4207,-0.3554,0,0,1,0.818,0.504,0.496,0,0,0.0,3,MOUNTAIN_DESCENT_CORRIDOR,-0.9994,-0.7332,1.591,1.18
904,100.954,-2.5655,-9.5707,27.7256,-0.9963,-0.731,-0.6558,2.735,1.956,27.595,-4.1366,-10.7361,0.2,0.0,0.0,0.0,-1.5473,-1.1027,-1.5,2.4207,-0.3542,0,0,1,0.818,0.505,0.495,0,0,0.0,3,MOUNTAIN_DESCENT_CORRIDOR,-0.9963,-0.731,1.5711,1.1653
905,101.066,-2.5854,-9.5853,27.7104,-0.9919,-0.7271,-0.7564,2.713,1.931,27.578,-4.1366,-10.7361,0.2,0.0,0.0,0.0,-1.5647,-1.0778,-1.5,2.4207,-0.3697,0,0,1,0.819,0.503,0.497,0,0,0.0,3,MOUNTAIN_DESCENT_CORRIDOR,-0.9919,-0.7271,1.5512,1.1508
906,101.181,-2.6051,-9.5997,27.6939,-0.9852,-0.7203,-0.8246,2.689,1.907,27.56,-4.1366,-10.7361,0.2,0.0,0.0,0.0,-1.5823,-1.0518,-1.5,2.4207,-0.3884,0,0,1,0.82,0.511,0.489,0,0,0.0,3,MOUNTAIN_DESCENT_CORRIDOR,-0.9852,-0.7203,1.5315,1.1364
907,101.296,-2.6246,-9.6139,27.6766,-0.974,-0.7107,-0.8675,2.665,1.883,27.541,-4.1366,-10.7361,0.2,0.0,0.0,0.0,-1.6009,-1.0232,-1.5,2.4207,-0.3877,0,0,1,0.821,0.511,0.489,0,0,0.0,3,MOUNTAIN_DESCENT_CORRIDOR,-0.974,-0.7107,1.5121,1.1222
908,101.411,-2.6438,-9.6279,27.6587,-0.9595,-0.6995,-0.8949,2.64,1.859,27.522,-4.1366,-10.7361,0.2,0.0,0.0,0.0,-1.6261,-0.9823,-1.5,2.4206,-0.4186,0,0,1,0.823,0.515,0.485,0,0,0.0,3,MOUNTAIN_DESCENT_CORRIDOR,-0.9595,-0.6995,1.4929,1.1082
909,101.526,-2.6626,-9.6416,27.6404,-0.9437,-0.6867,-0.9121,2.615,1.836,27.502,-4.1366,-10.7361,0.2,0.0,0.0,0.0,-1.6504,-0.941,-1.5,2.4205,-0.4001,0,0,1,0.825,0.515,0.485,0,0,0.0,3,MOUNTAIN_DESCENT_CORRIDOR,-0.9437,-0.6867,1.474,1.0945
910,101.64,-2.6811,-9.6551,27.622,-0.9258,-0.6745,-0.9231,2.59,1.813,27.482,-4.1366,-10.7361,0.2,0.0,0.0,0.0,-1.6729,-0.8986,-1.5,2.4199,-0.4093,0,0,1,0.827,0.518,0.482,0,0,0.0,3,MOUNTAIN_DESCENT_CORRIDOR,-0.9258,-0.6745,1.4555,1.081
911,101.755,-2.6993,-9.6684,27.6034,-0.9085,-0.6618,-0.9302,2.565,1.791,27.462,-4.1366,-10.7361,0.2,0.0,0.0,0.0,-1.6947,-0.8558,-1.5,2.4196,-0.3932,0,0,1,0.829,0.52,0.48,0,0,0.0,3,MOUNTAIN_DESCENT_CORRIDOR,-0.9085,-0.6618,1.4373,1.0677
912,101.87,-2.7171,-9.6814,27.5847,-0.8892,-0.65,-0.9356,2.54,1.768,27.442,-4.1366,-10.7361,0.2,0.0,0.0,0.0,-1.7145,-0.8121,-1.5,2.4185,-0.4126,0,0,1,0.831,0.519,0.481,0,0,0.0,3,MOUNTAIN_DESCENT_CORRIDOR,-0.8892,-0.65,1.4195,1.0547
913,101.985,-2.7345,-9.6941,27.5659,-0.8711,-0.6375,-0.9384,2.515,1.747,27.422,-4.1366,-10.7361,0.2,0.0,0.0,0.0,-1.733,-0.7678,-1.5,2.4172,-0.3889,0,0,1,0.832,0.519,0.481,0,0,0.0,3,MOUNTAIN_DESCENT_CORRIDOR,-0.8711,-0.6375,1.4021,1.042
914,102.1,-2.7515,-9.7066,27.5471,-0.8512,-0.6258,-0.9406,2.49,1.726,27.401,-4.1366,-10.7361,0.2,0.0,0.0,0.0,-1.7488,-0.7225,-1.5,2.4146,-0.4167,0,0,1,0.835,0.523,0.477,0,0,0.0,3,MOUNTAIN_DESCENT_CORRIDOR,-0.8512,-0.6258,1.3851,1.0295
915,102.215,-2.7682,-9.7189,27.5282,-0.8325,-0.6137,-0.942,2.465,1.705,27.381,-4.1366,-10.7361,0.2,0.0,0.0,0.0,-1.7626,-0.6765,-1.5,2.4113,-0.3926,0,0,1,0.837,0.525,0.475,0,0,0.0,3,MOUNTAIN_DESCENT_CORRIDOR,-0.8325,-0.6137,1.3684,1.0172
916,102.33,-2.7845,-9.731,27.5094,-0.8129,-0.6031,-0.9429,2.44,1.685,27.361,-4.1366,-10.7361,0.2,0.0,0.0,0.0,-1.7724,-0.6295,-1.5,2.4058,-0.417,0,0,1,0.84,0.526,0.474,0,0,0.0,3,MOUNTAIN_DESCENT_CORRIDOR,-0.8129,-0.6031,1.3522,1.0051
917,102.445,-2.8004,-9.7428,27.4905,-0.7953,-0.5925,-0.9435,2.416,1.665,27.341,-4.1366,-10.7361,0.2,0.0,0.0,0.0,-1.7794,-0.582,-1.5,2.399,-0.3929,0,0,1,0.842,0.526,0.474,0,0,0.0,3,MOUNTAIN_DESCENT_CORRIDOR,-0.7953,-0.5925,1.3363,0.9933
918,102.56,-2.8159,-9.7545,27.4716,-0.7766,-0.5837,-0.9442,2.391,1.646,27.321,-4.1366,-10.7361,0.2,0.0,0.0,0.0,-1.7826,-0.5341,-1.5,2.3901,-0.4068,0,0,1,0.845,0.529,0.471,0,0,0.0,3,MOUNTAIN_DESCENT_CORRIDOR,-0.7766,-0.5837,1.3207,0.9816
919,102.672,-2.8311,-9.766,27.4527,-0.7596,-0.5752,-0.9445,2.366,1.627,27.301,-4.1366,-10.7361,0.2,0.0,0.0,0.0,-1.7832,-0.4861,-1.5,2.3804,-0.3827,0,0,1,0.847,0.531,0.469,0,0,0.0,3,MOUNTAIN_DESCENT_CORRIDOR,-0.7596,-0.5752,1.3055,0.9701
920,102.787,-2.8459,-9.7773,27.4339,-0.742,-0.5678,-0.9446,2.342,1.608,27.281,-4.1366,-10.7361,0.2,0.0,0.0,0.0,-1.7794,-0.4383,-1.5,2.3682,-0.408,0,0,1,0.85,0.534,0.466,0,0,0.0,3,MOUNTAIN_DESCENT_CORRIDOR,-0.742,-0.5678,1.2907,0.9587
921,102.899,-2.8605,-9.7885,27.415,-0.7266,-0.56,-0.9448,2.318,1.589,27.261,-4.1366,-10.7361,0.2,0.0,0.0,0.0,-1.7729,-0.3907,-1.5,2.355,-0.3841,0,0,1,0.852,0.531,0.469,0,0,0.0,3,MOUNTAIN_DESCENT_CORRIDOR,-0.7266,-0.56,1.2762,0.9475
922,103.011,-2.8747,-9.7996,27.3961,-0.7103,-0.5535,-0.945,2.293,1.571,27.241,-4.1366,-10.7361,0.2,0.0,0.0,0.0,-1.7624,-0.3439,-1.5,2.3397,-0.4101,0,0,1,0.855,0.536,0.464,0,0,0.0,3,MOUNTAIN_DESCENT_CORRIDOR,-0.7103,-0.5535,1.262,0.9365
923,103.124,-2.8886,-9.8105,27.3772,-0.6959,-0.5468,-0.9449,2.269,1.554,27.222,-4.1366,-10.7361,0.2,0.0,0.0,0.0,-1.7503,-0.2974,-1.5,2.3243,-0.3862,0,0,1,0.857,0.534,0.466,0,0,0.0,3,MOUNTAIN_DESCENT_CORRIDOR,-0.6959,-0.5468,1.248,0.9255
924,103.236,-2.9022,-9.8214,27.3583,-0.6819,-0.5418,-0.9448,2.245,1.536,27.202,-4.1366,-10.7361,0.2,0.0,0.0,0.0,-1.7365,-0.2515,-1.5,2.3084,-0.4047,0,0,1,0.859,0.538,0.462,0,0,0.0,3,MOUNTAIN_DESCENT_CORRIDOR,-0.6819,-0.5418,1.2344,0.9147
925,103.349,-2.9156,-9.8321,27.3394,-0.6711,-0.5369,-0.945,2.221,1.519,27.182,-4.1366,-10.7361,0.2,0.0,0.0,0.0,-1.7212,-0.206,-1.5,2.2923,-0.3842,0,0,1,0.861,0.536,0.464,0,0,0.0,3,MOUNTAIN_DESCENT_CORRIDOR,-0.6711,-0.5369,1.221,0.904
926,103.461,-2.9289,-9.8428,27.3205,-0.6605,-0.5333,-0.9445,2.197,1.502,27.162,-4.1366,-10.7361,0.2,0.0,0.0,0.0,-1.7038,-0.1612,-1.5,2.2757,-0.4115,0,0,1,0.863,0.539,0.461,0,0,0.0,3,MOUNTAIN_DESCENT_CORRIDOR,-0.6605,-0.5333,1.2078,0.8933
927,103.573,-2.9419,-9.8534,27.3016,-0.6531,-0.5295,-0.944,2.173,1.485,27.142,-4.1366,-10.7361,0.2,0.0,0.0,0.0,-1.6851,-0.117,-1.5,2.2591,-0.3917,0,0,1,0.865,0.541,0.459,0,0,0.0,3,MOUNTAIN_DESCENT_CORRIDOR,-0.6531,-0.5295,1.1947,0.8827
928,103.686,-2.9548,-9.8639,27.2827,-0.6457,-0.5271,-0.9438,2.149,1.469,27.123,-4.1366,-10.7361,0.2,0.0,0.0,0.0,-1.6657,-0.0731,-1.5,2.2427,-0.3956,0,0,1,0.866,0.539,0.461,0,0,0.0,3,MOUNTAIN_DESCENT_CORRIDOR,-0.6457,-0.5271,1.1818,0.8722
929,103.798,-2.9677,-9.8744,27.2638,-0.641,-0.5246,-0.9435,2.125,1.452,27.103,-4.1366,-10.7361,0.2,0.0,0.0,0.0,-1.646,-0.0294,-1.5,2.2271,-0.3718,0,0,1,0.867,0.541,0.459,0,0,0.0,3,MOUNTAIN_DESCENT_CORRIDOR,-0.641,-0.5246,1.169,0.8617
930,103.911,-2.9804,-9.8849,27.245,-0.6367,-0.5221,-0.9432,2.101,1.436,27.083,-4.1366,-10.7361,0.2,0.0,0.0,0.0,-1.6256,0.0141,-1.5,2.212,-0.3977,0,0,1,0.868,0.541,0.459,0,0,0.0,3,MOUNTAIN_DESCENT_CORRIDOR,-0.6367,-0.5221,1.1562,0.8512
931,104.024,-2.9931,-9.8952,27.2261,-0.6345,-0.5175,-0.9429,2.077,1.419,27.063,-4.1366,-10.7361,0.2,0.0,0.0,0.0,-1.6048,0.0574,-1.5,2.1975,-0.3806,0,0,1,0.869,0.546,0.454,0,0,0.0,3,MOUNTAIN_DESCENT_CORRIDOR,-0.6345,-0.5175,1.1435,0.8409
932,104.136,-3.0057,-9.9055,27.2073,-0.6312,-0.5126,-0.9428,2.053,1.403,27.044,-4.1366,-10.7361,0.2,0.0,0.0,0.0,-1.5826,0.0999,-1.5,2.1828,-0.4058,0,0,1,0.871,0.55,0.45,0,0,0.0,3,MOUNTAIN_DESCENT_CORRIDOR,-0.6312,-0.5126,1.1309,0.8306
933,104.248,-3.0183,-9.9156,27.1884,-0.6296,-0.506,-0.9427,2.029,1.387,27.024,-4.1366,-10.7361,0.2,0.0,0.0,0.0,-1.56,0.1423,-1.5,2.1688,-0.3889,0,0,1,0.872,0.55,0.45,0,0,0.0,3,MOUNTAIN_DESCENT_CORRIDOR,-0.6296,-0.506,1.1183,0.8205
934,104.36,-3.0308,-9.9256,27.1695,-0.6266,-0.4994,-0.9433,2.005,1.371,27.004,-4.1366,-10.7361,0.2,0.0,0.0,0.0,-1.5374,0.1846,-1.5,2.1558,-0.4091,0,0,1,0.874,0.552,0.448,0,0,0.0,3,MOUNTAIN_DESCENT_CORRIDOR,-0.6266,-0.4994,1.1058,0.8105
935,104.472,-3.0433,-9.9354,27.1507,-0.6251,-0.4913,-0.9431,1.982,1.355,26.985,-4.1366,-10.7361,0.2,0.0,0.0,0.0,-1.5141,0.2266,-1.5,2.1433,-0.3893,0,0,1,0.875,0.552,0.448,0,0,0.0,3,MOUNTAIN_DESCENT_CORRIDOR,-0.6251,-0.4913,1.0933,0.8007
936,104.584,-3.0558,-9.9451,27.1318,-0.6219,-0.4833,-0.9429,1.958,1.339,26.965,-4.1366,-10.7361,0.2,0.0,0.0,0.0,-1.4902,0.2682,-1.5,2.1313,-0.4108,0,0,1,0.877,0.555,0.445,0,0,0.0,3,MOUNTAIN_DESCENT_CORRIDOR,-0.6219,-0.4833,1.0809,0.791
937,104.696,-3.0682,-9.9545,27.113,-0.62,-0.474,-0.9429,1.935,1.324,26.946,-4.1366,-10.7361,0.2,0.0,0.0,0.0,-1.4655,0.3094,-1.5,2.1198,-0.3908,0,0,1,0.879,0.555,0.445,0,0,0.0,3,MOUNTAIN_DESCENT_CORRIDOR,-0.62,-0.474,1.0685,0.7816
938,104.809,-3.0805,-9.9638,27.0941,-0.616,-0.465,-0.943,1.911,1.308,26.926,-4.1366,-10.7361,0.2,0.0,0.0,0.0,-1.4404,0.3503,-1.5,2.1089,-0.4136,0,0,1,0.881,0.557,0.443,0,0,0.0,3,MOUNTAIN_DESCENT_CORRIDOR,-0.616,-0.465,1.0561,0.7722
939,104.921,-3.0927,-9.9729,27.0752,-0.6129,-0.4551,-0.943,1.888,1.293,26.906,-4.1366,-10.7361,0.2,0.0,0.0,0.0,-1.4153,0.3912,-1.5,2.0991,-0.3933,0,0,1,0.883,0.557,0.443,0,0,0.0,3,MOUNTAIN_DESCENT_CORRIDOR,-0.6129,-0.4551,1.0439,0.7631
940,105.034,-3.1049,-9.9818,27.0564,-0.6078,-0.4457,-0.9432,1.865,1.278,26.887,-4.1366,-10.7361,0.2,0.0,0.0,0.0,-1.3897,0.4318,-1.5,2.0899,-0.4176,0,0,1,0.885,0.56,0.44,0,0,0.0,3,MOUNTAIN_DESCENT_CORRIDOR,-0.6078,-0.4457,1.0317,0.7542
941,105.146,-3.117,-9.9906,27.0375,-0.6034,-0.4357,-0.9432,1.842,1.263,26.867,-4.1366,-10.7361,0.2,0.0,0.0,0.0,-1.3641,0.4724,-1.5,2.0818,-0.3971,0,0,1,0.887,0.556,0.444,0,0,0.0,3,MOUNTAIN_DESCENT_CORRIDOR,-0.6034,-0.4357,1.0197,0.7455
942,105.258,-3.1289,-9.9991,27.0187,-0.5972,-0.4267,-0.9433,1.818,1.248,26.848,-4.1366,-10.7361,0.2,0.0,0.0,0.0,-1.3393,0.5135,-1.5,2.0754,-0.4198,0,0,1,0.889,0.559,0.441,0,0,0.0,3,MOUNTAIN_DESCENT_CORRIDOR,-0.5972,-0.4267,1.0077,0.737
943,105.37,-3.1408,-10.0074,26.9998,-0.592,-0.4173,-0.9433,1.795,1.234,26.828,-4.1366,-10.7361,0.2,0.0,0.0,0.0,-1.3139,0.5542,-1.5,2.0696,-0.3991,0,0,1,0.891,0.561,0.439,0,0,0.0,3,MOUNTAIN_DESCENT_CORRIDOR,-0.592,-0.4173,0.9959,0.7286
944,105.483,-3.1524,-10.0156,26.9809,-0.5847,-0.4093,-0.9435,1.773,1.22,26.809,-4.1366,-10.7361,0.2,0.0,0.0,0.0,-1.2887,0.5951,-1.5,2.0651,-0.4253,0,0,1,0.894,0.562,0.438,0,0,0.0,3,MOUNTAIN_DESCENT_CORRIDOR,-0.5847,-0.4093,0.9842,0.7205
945,105.596,-3.164,-10.0236,26.962,-0.5781,-0.4011,-0.9434,1.75,1.206,26.789,-4.1366,-10.7361,0.2,0.0,0.0,0.0,-1.2629,0.6355,-1.5,2.0613,-0.4043,0,0,1,0.896,0.564,0.436,0,0,0.0,3,MOUNTAIN_DESCENT_CORRIDOR,-0.5781,-0.4011,0.9726,0.7124
946,105.708,-3.1754,-10.0315,26.9432,-0.57,-0.3947,-0.9437,1.727,1.192,26.77,-4.1366,-10.7361,0.2,0.0,0.0,0.0,-1.2379,0.6765,-1.5,2.0592,-0.4257,0,0,1,0.898,0.568,0.432,0,0,0.0,3,MOUNTAIN_DESCENT_CORRIDOR,-0.57,-0.3947,0.9612,0.7045
947,105.821,-3.1867,-10.0393,26.9243,-0.5633,-0.3887,-0.9435,1.704,1.178,26.75,-4.1366,-10.7361,0.2,0.0,0.0,0.0,-1.2133,0.7177,-1.5,2.0585,-0.4034,0,0,1,0.9,0.568,0.432,0,0,0.0,3,MOUNTAIN_DESCENT_CORRIDOR,-0.5633,-0.3887,0.9499,0.6968
948,105.934,-3.1978,-10.047,26.9054,-0.5547,-0.3847,-0.9436,1.682,1.165,26.731,-4.1366,-10.7361,0.2,0.0,0.0,0.0,-1.1884,0.7588,-1.5,2.0587,-0.4076,0,0,1,0.901,0.571,0.429,0,0,0.0,3,MOUNTAIN_DESCENT_CORRIDOR,-0.5547,-0.3847,0.9389,0.6891
949,106.046,-3.2087,-10.0546,26.8866,-0.5473,-0.3813,-0.9434,1.659,1.151,26.711,-4.1366,-10.7361,0.2,0.0,0.0,0.0,-1.1637,0.7999,-1.5,2.0601,-0.385,0,0,1,0.903,0.573,0.427,0,0,0.0,3,MOUNTAIN_DESCENT_CORRIDOR,-0.5473,-0.3813,0.9279,0.6814
950,106.159,-3.2195,-10.0622,26.8677,-0.5384,-0.3787,-0.9434,1.636,1.138,26.692,-4.1366,-10.7361,0.2,0.0,0.0,0.0,-1.1394,0.8413,-1.5,2.063,-0.4085,0,0,1,0.905,0.575,0.425,0,0,0.0,3,MOUNTAIN_DESCENT_CORRIDOR,-0.5384,-0.3787,0.9171,0.6739
951,106.272,-3.2301,-10.0697,26.8488,-0.5308,-0.3753,-0.9433,1.614,1.125,26.673,-4.1366,-10.7361,0.2,0.0,0.0,0.0,-1.116,0.8832,-1.5,2.0677,-0.3859,0,0,1,0.906,0.572,0.428,0,0,0.0,3,MOUNTAIN_DESCENT_CORRIDOR,-0.5308,-0.3753,0.9065,0.6664
952,106.385,-3.2405,-10.0772,26.83,-0.5214,-0.3729,-0.9435,1.591,1.112,26.653,-4.1366,-10.7361,0.2,0.0,0.0,0.0,-1.0922,0.9249,-1.5,2.0733,-0.413,0,0,1,0.908,0.575,0.425,0,0,0.0,3,ACQUISITION_ASSIST,-0.5214,-0.3729,0.8961,0.6589
953,106.498,-3.2508,-10.0846,26.8111,-0.5132,-0.3702,-0.9434,1.569,1.1,26.634,-4.1366,-10.7361,0.2,0.0,0.0,0.0,-1.0678,0.9663,-1.5,2.0794,-0.39,0,0,1,0.91,0.576,0.424,0,0,0.0,3,ACQUISITION_ASSIST,-0.5132,-0.3702,0.8858,0.6515
954,106.611,-3.2609,-10.092,26.7922,-0.504,-0.3689,-0.9435,1.546,1.087,26.614,-4.1366,-10.7361,0.2,0.0,0.0,0.0,-1.0439,1.0079,-1.5,2.087,-0.4036,0,0,1,0.911,0.579,0.421,0,0,0.0,3,ACQUISITION_ASSIST,-0.504,-0.3689,0.8758,0.6441
955,106.724,-3.2708,-10.0993,26.7733,-0.4969,-0.3678,-0.944,1.524,1.075,26.595,-4.1366,-10.7361,0.2,0.0,0.0,0.0,-1.0219,1.0506,-1.5,2.0971,-0.3831,0,0,1,0.913,0.58,0.42,0,0,0.0,3,ACQUISITION_ASSIST,-0.4969,-0.3678,0.8658,0.6368
956,106.837,-3.2806,-10.1067,26.7545,-0.4888,-0.3675,-0.9437,1.501,1.063,26.576,-4.1366,-10.7361,0.2,0.0,0.0,0.0,-1.0012,1.0939,-1.5,2.1092,-0.4097,0,0,1,0.914,0.583,0.417,0,0,0.0,3,ACQUISITION_ASSIST,-0.4888,-0.3675,0.856,0.6294
957,106.95,-3.2902,-10.114,26.7356,-0.4827,-0.3667,-0.9436,1.479,1.05,26.556,-4.1366,-10.7361,0.2,0.0,0.0,0.0,-0.9801,1.137,-1.5,2.1221,-0.3899,0,0,1,0.916,0.582,0.418,0,0,0.0,3,ACQUISITION_ASSIST,-0.4827,-0.3667,0.8464,0.6221
958,107.062,-3.2997,-10.1213,26.7167,-0.4754,-0.367,-0.9436,1.456,1.038,26.537,-4.1366,-10.7361,0.2,0.0,0.0,0.0,-0.9595,1.1803,-1.5,2.1363,-0.3997,0,0,1,0.917,0.586,0.414,0,0,0.0,3,ACQUISITION_ASSIST,-0.4754,-0.367,0.8369,0.6147
959,107.175,-3.3091,-10.1287,26.6979,-0.4698,-0.367,-0.9435,1.434,1.026,26.518,-4.1366,-10.7361,0.2,0.0,0.0,0.0,-0.9387,1.2236,-1.5,2.1514,-0.3806,0,0,1,0.918,0.586,0.414,0,0,0.0,3,ACQUISITION_ASSIST,-0.4698,-0.367,0.8275,0.6074
960,107.289,-3.3184,-10.136,26.679,-0.4633,-0.3669,-0.9433,1.411,1.015,26.498,-4.1366,-10.7361,0.2,0.0,0.0,0.0,-0.9211,1.2682,-1.5,2.1695,-0.4064,0,0,1,0.92,0.588,0.412,0,0,0.0,3,ACQUISITION_ASSIST,-0.4633,-0.3669,0.8182,0.6001
961,107.402,-3.3276,-10.1433,26.6601,-0.4585,-0.3655,-0.9433,1.389,1.003,26.479,-4.1366,-10.7361,0.2,0.0,0.0,0.0,-0.9031,1.3127,-1.5,2.1883,-0.388,0,0,1,0.921,0.588,0.412,0,0,0.0,3,ACQUISITION_ASSIST,-0.4585,-0.3655,0.809,0.5928
962,107.517,-3.3366,-10.1506,26.6413,-0.4525,-0.3643,-0.9432,1.366,0.991,26.46,-4.1366,-10.7361,0.2,0.0,0.0,0.0,-0.8861,1.3576,-1.452,2.1764,-0.4134,0,0,1,0.922,0.591,0.409,0,0,0.0,3,ACQUISITION_ASSIST,-0.4525,-0.3643,0.8,0.5855
963,107.63,-3.3456,-10.1579,26.6224,-0.4479,-0.3619,-0.9432,1.344,0.98,26.441,-4.1366,-10.7361,0.2,0.0,0.0,0.0,-0.8688,1.4024,-1.404,2.1663,-0.3957,0,0,1,0.924,0.591,0.409,0,0,0.0,3,ACQUISITION_ASSIST,-0.4479,-0.3619,0.791,0.5782
964,107.743,-3.3544,-10.1651,26.6035,-0.4417,-0.3601,-0.9438,1.322,0.968,26.421,-4.1366,-10.7361,0.2,0.0,0.0,0.0,-0.8528,1.4477,-1.356,2.1591,-0.4131,0,0,1,0.925,0.592,0.408,0,0,0.0,3,ACQUISITION_ASSIST,-0.4417,-0.3601,0.7822,0.571
965,107.856,-3.3632,-10.1722,26.5847,-0.4367,-0.3573,-0.9435,1.299,0.957,26.402,-4.1366,-10.7361,0.2,0.0,0.0,0.0,-0.8384,1.4935,-1.308,2.155,-0.3892,0,0,1,0.927,0.589,0.411,0,0,0.0,3,ACQUISITION_ASSIST,-0.4367,-0.3573,0.7735,0.5639
966,107.969,-3.3718,-10.1793,26.5658,-0.4302,-0.3552,-0.9434,1.277,0.946,26.383,-4.1366,-10.7361,0.2,0.0,0.0,0.0,-0.8274,1.5402,-1.26,2.1551,-0.4053,0,0,1,0.929,0.594,0.406,0,0,0.0,3,ACQUISITION_ASSIST,-0.4302,-0.3552,0.7649,0.5568
967,108.082,-3.3803,-10.1863,26.5469,-0.4251,-0.3524,-0.9439,1.255,0.935,26.363,-4.1366,-10.7361,0.2,0.0,0.0,0.0,-0.8252,1.5881,-1.212,2.1615,-0.3869,0,0,1,0.943,0.594,0.406,0,0,0.0,3,ACQUISITION_ASSIST,-0.4251,-0.3524,0.7564,0.5497
968,108.195,-3.3886,-10.1934,26.528,-0.4183,-0.3502,-0.9436,1.232,0.924,26.344,-4.1366,-10.7361,0.2,0.0,0.0,0.0,-0.8315,1.6357,-1.164,2.173,-0.4143,0,0,1,0.946,0.599,0.401,0,0,0.0,3,ACQUISITION_ASSIST,-0.4183,-0.3502,0.748,0.5427
969,108.307,-3.3969,-10.2003,26.5092,-0.413,-0.347,-0.9435,1.21,0.913,26.325,-4.1366,-10.7361,0.2,0.0,0.0,0.0,-0.8394,1.6831,-1.116,2.1869,-0.3973,0,0,1,0.948,0.599,0.401,0,0,0.0,3,ACQUISITION_ASSIST,-0.413,-0.347,0.7397,0.5358
970,108.42,-3.405,-10.2072,26.4903,-0.4059,-0.3446,-0.9437,1.188,0.903,26.306,-4.1366,-10.7361,0.2,0.0,0.0,0.0,-0.8871,1.6779,-1.068,2.1778,-0.3972,0,0,1,0.95,0.6,0.4,0,0,0.0,3,ACQUISITION_ASSIST,-0.4059,-0.3446,0.7316,0.5289
971,108.532,-3.413,-10.214,26.4714,-0.3999,-0.3414,-0.9436,1.166,0.892,26.287,-4.1366,-10.7361,0.2,0.0,0.0,0.0,-0.894,1.6766,-1.02,2.1565,-0.3879,0,0,1,0.952,0.601,0.399,0,0,0.0,3,ACQUISITION_ASSIST,-0.3999,-0.3414,0.7236,0.5221
972,108.645,-3.4209,-10.2208,26.4525,-0.3938,-0.3378,-0.944,1.144,0.882,26.267,-4.1366,-10.7361,0.2,0.0,0.0,0.0,-0.9023,1.6721,-0.972,2.1342,-0.4103,0,0,1,0.955,0.603,0.397,0,0,0.0,3,ACQUISITION_ASSIST,-0.3938,-0.3378,0.7157,0.5153
973,108.758,-3.4287,-10.2274,26.4337,-0.3905,-0.3329,-0.9436,1.122,0.872,26.248,-4.1366,-10.7361,0.2,0.0,0.0,0.0,-0.9055,1.6703,-0.924,2.1128,-0.3908,0,0,1,0.957,0.601,0.399,0,0,0.0,3,ACQUISITION_ASSIST,-0.3905,-0.3329,0.7079,0.5087
974,108.87,-3.4364,-10.234,26.4148,-0.3868,-0.3282,-0.9433,1.1,0.862,26.229,-4.1366,-10.7361,0.2,0.0,0.0,0.0,-0.9373,1.6527,-0.876,2.0922,-0.4143,0,0,1,0.959,0.601,0.399,0,0,0.0,3,ACQUISITION_ASSIST,-0.3868,-0.3282,0.7002,0.5021
975,108.983,-3.4441,-10.2404,26.3959,-0.3859,-0.3223,-0.9432,1.078,0.852,26.21,-4.1366,-10.7361,0.2,0.0,0.0,0.0,-0.9265,1.6588,-0.828,2.0726,-0.3953,0,0,1,0.962,0.602,0.398,0,0,0.0,3,ACQUISITION_ASSIST,-0.3859,-0.3223,0.6925,0.4956
976,109.096,-3.4518,-10.2468,26.3771,-0.3842,-0.3169,-0.9431,1.056,0.842,26.191,-4.1366,-10.7361,0.2,0.0,0.0,0.0,-0.9425,1.6497,-0.78,2.0539,-0.4184,0,0,1,0.962,0.605,0.395,0,0,0.0,3,ACQUISITION_ASSIST,-0.3842,-0.3169,0.6848,0.4893
977,109.209,-3.4595,-10.253,26.3582,-0.3848,-0.3106,-0.943,1.034,0.832,26.171,-4.1366,-10.7361,0.2,0.0,0.0,0.0,-0.9826,1.6262,-0.732,2.0361,-0.4,0,0,1,0.963,0.607,0.393,0,0,0.0,3,ACQUISITION_ASSIST,-0.3848,-0.3106,0.6771,0.4831
978,109.321,-3.4672,-10.2591,26.3393,-0.3845,-0.305,-0.9436,1.012,0.822,26.152,-4.1366,-10.7361,0.2,0.0,0.0,0.0,-1.0233,1.6006,-0.684,2.0192,-0.419,0,0,1,0.965,0.611,0.389,0,0,0.0,3,ACQUISITION_ASSIST,-0.3845,-0.305,0.6694,0.477
979,109.434,-3.4749,-10.2651,26.3205,-0.386,-0.2987,-0.9435,0.99,0.812,26.133,-4.1366,-10.7361,0.2,0.0,0.0,0.0,-1.0489,1.5842,-0.636,2.0036,-0.396,0,0,1,0.965,0.613,0.387,0,0,0.0,3,ACQUISITION_ASSIST,-0.386,-0.2987,0.6617,0.471
980,109.546,-3.4827,-10.2709,26.3016,-0.3863,-0.2933,-0.9433,0.968,0.803,26.114,-4.1366,-10.7361,0.2,0.0,0.0,0.0,-1.0511,1.5828,-0.588,1.9889,-0.4162,0,0,1,0.965,0.615,0.385,0,0,0.0,3,ACQUISITION_ASSIST,-0.3863,-0.2933,0.654,0.4652
981,109.659,-3.4904,-10.2767,26.2827,-0.388,-0.2872,-0.9432,0.947,0.793,26.095,-4.1366,-10.7361,0.2,0.0,0.0,0.0,-1.0908,1.5557,-0.54,1.9752,-0.3944,0,0,1,0.969,0.615,0.385,0,0,0.0,3,ACQUISITION_ASSIST,-0.388,-0.2872,0.6462,0.4594
982,109.772,-3.4982,-10.2823,26.2639,-0.3878,-0.2822,-0.9432,0.925,0.783,26.076,-4.1366,-10.7361,0.2,0.0,0.0,0.0,-1.1061,1.5449,-0.492,1.9627,-0.4153,0,0,1,0.969,0.619,0.381,0,0,0.0,3,ACQUISITION_ASSIST,-0.3878,-0.2822,0.6384,0.4538
983,109.885,-3.5059,-10.2878,26.245,-0.3887,-0.2766,-0.9431,0.903,0.774,26.057,-4.1366,-10.7361,0.2,0.0,0.0,0.0,-1.1139,1.5392,-0.444,1.9512,-0.3931,0,0,1,0.969,0.619,0.381,0,0,0.0,3,ACQUISITION_ASSIST,-0.3887,-0.2766,0.6307,0.4482
984,109.997,-3.5137,-10.2933,26.2262,-0.3873,-0.2723,-0.9431,0.882,0.764,26.037,-4.1366,-10.7361,0.2,0.0,0.0,0.0,-1.1522,1.5102,-0.396,1.9403,-0.4148,0,0,1,0.971,0.618,0.382,0,0,0.0,3,ACQUISITION_ASSIST,-0.3873,-0.2723,0.6229,0.4428
985,110.11,-3.5214,-10.2987,26.2073,-0.3867,-0.2679,-0.943,0.86,0.755,26.018,-4.1366,-10.7361,0.2,0.0,0.0,0.0,-1.19,1.4806,-0.348,1.9311,-0.3919,0,0,1,0.973,0.621,0.379,0,0,0.0,3,ACQUISITION_ASSIST,-0.3867,-0.2679,0.6152,0.4374
986,110.223,-3.5291,-10.304,26.1884,-0.3835,-0.2649,-0.9431,0.839,0.746,25.999,-4.1366,-10.7361,0.2,0.0,0.0,0.0,-1.2146,1.4611,-0.3,1.9235,-0.393,0,0,1,0.973,0.622,0.378,0,0,0.0,3,ACQUISITION_ASSIST,-0.3835,-0.2649,0.6075,0.4321
987,110.336,-3.5367,-10.3092,26.1696,-0.3807,-0.262,-0.943,0.817,0.736,25.98,-4.1366,-10.7361,0.2,0.0,0.0,0.0,-1.2338,1.4449,-0.252,1.9166,-0.3766,0,0,1,0.973,0.627,0.373,0,0,0.0,3,ACQUISITION_ASSIST,-0.3807,-0.262,0.5999,0.4269
988,110.448,-3.5442,-10.3144,26.1507,-0.3757,-0.2592,-0.9433,0.796,0.727,25.961,-4.1366,-10.7361,0.2,0.0,0.0,0.0,-1.2546,1.4269,-0.204,1.9109,-0.397,0,0,1,0.974,0.629,0.371,0,0,0.0,3,ACQUISITION_ASSIST,-0.3757,-0.2592,0.5924,0.4217
989,110.561,-3.5517,-10.3195,26.1318,-0.3717,-0.2547,-0.9439,0.775,0.718,25.942,-4.1366,-10.7361,0.2,0.0,0.0,0.0,-1.2902,1.3947,-0.156,1.9063,-0.3962,0,0,1,0.974,0.63,0.37,0,0,0.0,3,ACQUISITION_ASSIST,-0.3717,-0.2547,0.585,0.4166
990,110.673,-3.559,-10.3245,26.1129,-0.3658,-0.2499,-0.9441,0.753,0.709,25.923,-4.1366,-10.7361,0.2,0.0,0.0,0.0,-1.3249,1.3616,-0.108,1.9029,-0.4197,0,0,1,0.974,0.63,0.37,0,0,0.0,3,ACQUISITION_ASSIST,-0.3658,-0.2499,0.5776,0.4116
991,110.786,-3.5662,-10.3294,26.0941,-0.3606,-0.2449,-0.9437,0.732,0.701,25.904,-4.1366,-10.7361,0.2,0.0,0.0,0.0,-1.3193,1.3672,-0.06,1.9009,-0.3993,0,0,1,0.976,0.63,0.37,0,0,0.0,3,ACQUISITION_ASSIST,-0.3606,-0.2449,0.5704,0.4067
992,110.898,-3.5732,-10.3342,26.0752,-0.3529,-0.2412,-0.9438,0.711,0.692,25.884,-4.1366,-10.7361,0.2,0.0,0.0,0.0,-1.3533,1.3334,-0.012,1.8999,-0.4148,0,0,1,0.976,0.634,0.366,0,0,0.0,3,ACQUISITION_ASSIST,-0.3529,-0.2412,0.5634,0.4019
993,111.011,-3.5802,-10.3389,26.0563,-0.3456,-0.2375,-0.9436,0.689,0.684,25.865,-4.1366,-10.7361,0.2,0.0,0.0,0.0,-1.3839,1.3018,0.036,1.9003,-0.3943,0,0,1,0.977,0.636,0.364,0,0,0.0,3,ACQUISITION_ASSIST,-0.3456,-0.2375,0.5565,0.3971
994,111.127,-3.5869,-10.3436,26.0375,-0.3373,-0.2346,-0.9435,0.668,0.675,25.846,-4.1366,-10.7361,0.2,0.0,0.0,0.0,-1.4095,1.2741,0.084,1.9019,-0.4192,0,0,1,0.977,0.638,0.362,0,0,0.0,3,ACQUISITION_ASSIST,-0.3373,-0.2346,0.5497,0.3924
995,111.239,-3.5935,-10.3483,26.0186,-0.3309,-0.2311,-0.9434,0.647,0.667,25.827,-4.1366,-10.7361,0.2,0.0,0.0,0.0,-1.4138,1.2693,0.132,1.9046,-0.3992,0,0,1,0.977,0.64,0.36,0,0,0.0,3,ACQUISITION_ASSIST,-0.3309,-0.2311,0.5431,0.3878
996,111.355,-3.6,-10.3528,25.9997,-0.3232,-0.2287,-0.9438,0.626,0.659,25.808,-4.1366,-10.7361,0.2,0.0,0.0,0.0,-1.44,1.2395,0.18,1.9085,-0.4216,0,0,1,0.979,0.638,0.362,0,0,0.0,3,ACQUISITION_ASSIST,-0.3232,-0.2287,0.5366,0.3833
997,111.471,-3.598,-10.3515,25.9885,0.0974,0.0669,-0.5609,0.615,0.662,25.797,-4.1366,-10.7361,0.2,0.0,0.0,0.0,-1.414,1.2691,0.228,1.9136,-0.1439,0,0,1,0.977,0.643,0.357,0,0,0.0,3,ACQUISITION_ASSIST,0.0974,0.0669,0.5386,0.3846
998,111.587,-3.596,-10.3501,25.975,0.1005,0.0673,-0.6728,0.603,0.664,25.784,-4.1366,-10.7361,0.2,0.0,0.0,0.0,-1.3808,1.3037,0.276,1.9189,-0.1511,0,0,1,0.977,0.641,0.359,0,0,0.0,3,ACQUISITION_ASSIST,0.1005,0.0673,0.5406,0.3859
999,111.706,-3.5937,-10.3486,25.9593,0.1156,0.0768,-0.7865,0.588,0.667,25.768,-4.1366,-10.7361,0.2,0.0,0.0,0.0,-1.3469,1.3377,0.324,1.9257,-0.1612,0,0,1,0.976,0.639,0.361,0,0,0.0,3,ACQUISITION_ASSIST,0.1156,0.0768,0.5429,0.3875
1000,111.818,-3.5908,-10.3467,25.9413,0.1436,0.0959,-0.9007,0.571,0.67,25.75,-4.1366,-10.7361,0.2,0.0,0.0,0.0,-1.3134,1.3721,0.372,1.9355,-0.1833,0,0,1,0.976,0.641,0.359,0,0,0.0,3,ACQUISITION_ASSIST,0.1436,0.0959,0.5458,0.3894
1001,111.931,-3.5872,-10.3442,25.9209,0.1833,0.1236,-1.0209,0.551,0.675,25.73,-4.1366,-10.7361,0.2,0.0,0.0,0.0,-1.299,1.3865,0.42,1.9459,-0.2072,0,0,1,0.974,0.64,0.36,0,0,0.0,3,ACQUISITION_ASSIST,0.1833,0.1236,0.5494,0.3919
